Type,Adjective,Noun,HEX,OKLCH_L,OKLCH_C,OKLCH_H,RGB_R,RGB_G,RGB_B,RGB,CMYK_C,CMYK_M,CMYK_Y,CMYK_K,CMYK,CIE_L,CIE_A,CIE_B,CIE_LAB,ERP_Code,Note,Tags,Sheen,Profile,Visual_Pattern,Tactile_Texture,Material,Illuminant,Observer,Measurement_Method,Measurement_Date,Measurement_Device,R400 nm,R410 nm,R420 nm,R430 nm,R440 nm,R450 nm,R460 nm,R470 nm,R480 nm,R490 nm,R500 nm,R510 nm,R520 nm,R530 nm,R540 nm,R550 nm,R560 nm,R570 nm,R580 nm,R590 nm,R600 nm,R610 nm,R620 nm,R630 nm,R640 nm,R650 nm,R660 nm,R670 nm,R680 nm,R690 nm,R700 nm,Spectral
DB,agt,3114 Supramat Sakura Pink,#BD9D94,0.7223199574599994,0.040403266974093396,36.24994857635102,189,157,148,"[189, 157, 148]",0%,17%,22%,26%,"[0%, 17%, 22%, 26%]",67.49,11.19,9.40,"[67.49, 11.19, 9.40]",https://www.agtwood.com/products/panel/panel/supramat-panel/pink-daisy,https://www.agtwood.com/medium/Product/Image/b9594b22-b591-4248-b7b6-7930487de916,,,,,,,,,,,,,,,,,,,,,,,,,,,,,,,,,,,,,,,,,,,
DB,agt,3097 Supramat Olive Green,#676F52,0.5266412779929266,0.04461044575693839,120.45529729808129,103,111,82,"[103, 111, 82]",7%,0%,26%,56%,"[7%, 0%, 26%, 56%]",45.53,-7.24,15.15,"[45.53, -7.24, 15.15]",https://www.agtwood.com/products/panel/panel/supramat-panel/olive-green,https://www.agtwood.com/medium/Product/Image/77015c88-486c-441d-b6b1-2a683fdd8291,,,,,,,,,,,,,,,,,,,,,,,,,,,,,,,,,,,,,,,,,,,
DB,agt,3096 Supramat Havana Coffee,#6E5C4A,0.48744266999927427,0.03620407456320725,66.8024351732314,110,92,74,"[110, 92, 74]",0%,16%,33%,57%,"[0%, 16%, 33%, 57%]",40.50,5.40,13.27,"[40.50, 5.40, 13.27]",https://www.agtwood.com/products/panel/panel/supramat-panel/havana-coffee,https://www.agtwood.com/medium/Product/Image/3f5d84ac-c670-4660-888b-3a3a0e1a9d3f,,,,,,,,,,,,,,,,,,,,,,,,,,,,,,,,,,,,,,,,,,,
DB,agt,3095 Supramat Victoria Grey,#D1CFCC,0.8552393444586098,0.004707722537900254,78.25092564130074,209,207,204,"[209, 207, 204]",0%,1%,2%,18%,"[0%, 1%, 2%, 18%]",83.22,0.31,1.76,"[83.22, 0.31, 1.76]",https://www.agtwood.com/products/panel/panel/supramat-panel/victoria-grey,https://www.agtwood.com/medium/Product/Image/89aa3d47-2167-4aaa-af57-89b8ab0e1bd2,,,,,,,,,,,,,,,,,,,,,,,,,,,,,,,,,,,,,,,,,,,
DB,agt,3094 Supramat Sonara,#6C6153,0.49889725790732914,0.02575310202055513,73.80519768620127,108,97,83,"[108, 97, 83]",0%,10%,23%,58%,"[0%, 10%, 23%, 58%]",41.89,2.71,9.71,"[41.89, 2.71, 9.71]",https://www.agtwood.com/products/panel/panel/supramat-panel/sonara,https://www.agtwood.com/medium/Product/Image/d3f7dc7b-c574-4804-a3c6-2d3ce83b06ef,,,,,,,,,,,,,,,,,,,,,,,,,,,,,,,,,,,,,,,,,,,
DB,agt,3093 Supramat Linden,#787A5F,0.5702173036295559,0.0398069533706771,111.07504619537275,120,122,95,"[120, 122, 95]",2%,0%,22%,52%,"[2%, 0%, 22%, 52%]",50.48,-4.43,14.60,"[50.48, -4.43, 14.60]",https://www.agtwood.com/products/panel/panel/supramat-panel/linden,https://www.agtwood.com/medium/Product/Image/f25d00a1-c4ba-4761-9330-1e3a7c0de0e4,,,,,,,,,,,,,,,,,,,,,,,,,,,,,,,,,,,,,,,,,,,
DB,agt,3092 Supramat Tobac,#885131,0.49145276792815956,0.08697249028173273,49.868659769911005,136,81,49,"[136, 81, 49]",0%,40%,64%,47%,"[0%, 40%, 64%, 47%]",40.51,21.34,28.80,"[40.51, 21.34, 28.80]",https://www.agtwood.com/products/panel/panel/supramat-panel/tobac,https://www.agtwood.com/medium/Product/Image/737b9c6e-3392-4f35-8b70-0ad40a0b4fc7,,,,,,,,,,,,,,,,,,,,,,,,,,,,,,,,,,,,,,,,,,,
DB,agt,3091 Supramat Sky Blue,#38414C,0.3715045376257538,0.02238395067963088,253.55536911084505,56,65,76,"[56, 65, 76]",26%,14%,0%,70%,"[26%, 14%, 0%, 70%]",27.04,-1.66,-7.99,"[27.04, -1.66, -7.99]",https://www.agtwood.com/products/panel/panel/supramat-panel/sky-blue,https://www.agtwood.com/medium/Product/Image/2687a059-6aa2-44a4-8ac2-4ecd8b3cd990,,,,,,,,,,,,,,,,,,,,,,,,,,,,,,,,,,,,,,,,,,,
DB,agt,3019 Supramat Sahara Cream,#C8BFAE,0.8073541701346446,0.02549875788241156,83.39316114202506,200,191,174,"[200, 191, 174]",0%,4%,13%,22%,"[0%, 4%, 13%, 22%]",77.74,1.13,9.81,"[77.74, 1.13, 9.81]",https://www.agtwood.com/products/panel/panel/supramat-panel/sahara-cream,https://www.agtwood.com/medium/Product/Image/94a925a1-13d2-4d68-837f-ab5f0597d443,,,,,,,,,,,,,,,,,,,,,,,,,,,,,,,,,,,,,,,,,,,
DB,agt,3022 Supramat Royal Grey,#5E5C5B,0.4762906150252778,0.003045327955488346,48.80815176920328,94,92,91,"[94, 92, 91]",0%,2%,3%,63%,"[0%, 2%, 3%, 63%]",39.24,0.67,0.88,"[39.24, 0.67, 0.88]",https://www.agtwood.com/products/panel/panel/supramat-panel/royal-grey,https://www.agtwood.com/medium/Product/Image/d8db0629-14ff-4788-aa4e-2c1633107cc8,,,,,,,,,,,,,,,,,,,,,,,,,,,,,,,,,,,,,,,,,,,
DB,agt,3025 Supramat Bitter,#4A4643,0.3970764534070518,0.007375166006178753,59.50093926632212,74,70,67,"[74, 70, 67]",0%,5%,9%,71%,"[0%, 5%, 9%, 71%]",30.05,1.28,2.45,"[30.05, 1.28, 2.45]",https://www.agtwood.com/products/panel/panel/supramat-panel/bitter,https://www.agtwood.com/medium/Product/Image/563b2aef-b521-4186-8252-171430621488,,,,,,,,,,,,,,,,,,,,,,,,,,,,,,,,,,,,,,,,,,,
DB,agt,3010 Supramat Pearl Black,#1B1E25,0.23502794589748133,0.014218144099469327,266.9687922831273,27,30,37,"[27, 30, 37]",27%,19%,0%,85%,"[27%, 19%, 0%, 85%]",11.18,0.06,-5.28,"[11.18, 0.06, -5.28]",https://www.agtwood.com/products/panel/panel/supramat-panel/pearl-black,https://www.agtwood.com/medium/Product/Image/2279a1a3-ea48-42db-8347-7a9538a80a35,,,,,,,,,,,,,,,,,,,,,,,,,,,,,,,,,,,,,,,,,,,
DB,agt,3023 Supramat Dolphin Grey,#39383C,0.3431945947270566,0.006998445817805883,297.54176482775574,57,56,60,"[57, 56, 60]",5%,7%,0%,76%,"[5%, 7%, 0%, 76%]",23.74,1.14,-2.33,"[23.74, 1.14, -2.33]",https://www.agtwood.com/products/panel/panel/supramat-panel/dolphin-grey,https://www.agtwood.com/medium/Product/Image/a67f9076-678b-4840-b838-9e147ba874d1,,,,,,,,,,,,,,,,,,,,,,,,,,,,,,,,,,,,,,,,,,,
DB,agt,3024 Supramat Pebble Grey,#9B9A98,0.6864526829950486,0.003149743322010955,84.4590346079209,155,154,152,"[155, 154, 152]",0%,1%,2%,39%,"[0%, 1%, 2%, 39%]",63.64,0.10,1.20,"[63.64, 0.10, 1.20]",https://www.agtwood.com/products/panel/panel/supramat-panel/pebble-grey,https://www.agtwood.com/medium/Product/Image/0f752ca0-0e92-4883-9c44-446c76597f22,,,,,,,,,,,,,,,,,,,,,,,,,,,,,,,,,,,,,,,,,,,
DB,agt,3014 Supramat Cloudy Grey,#4B4E55,0.4237139038610823,0.012192698604323402,267.24676383218264,75,78,85,"[75, 78, 85]",12%,8%,0%,67%,"[12%, 8%, 0%, 67%]",33.09,-0.05,-4.58,"[33.09, -0.05, -4.58]",https://www.agtwood.com/products/panel/panel/supramat-panel/cloudy-grey,https://www.agtwood.com/medium/Product/Image/9f4234a0-fbac-47a5-8bf8-4f65603dbec3,,,,,,,,,,,,,,,,,,,,,,,,,,,,,,,,,,,,,,,,,,,
DB,agt,3026 Supramat Rustic Red,#8B4543,0.4777832464703849,0.09574848777626896,23.00861147662704,139,69,67,"[139, 69, 67]",0%,50%,52%,45%,"[0%, 50%, 52%, 45%]",38.47,30.23,15.64,"[38.47, 30.23, 15.64]",https://www.agtwood.com/products/panel/panel/supramat-panel/rustic-red,https://www.agtwood.com/medium/Product/Image/09bc7468-39e8-464b-9191-fa85b51b1848,,,,,,,,,,,,,,,,,,,,,,,,,,,,,,,,,,,,,,,,,,,
DB,agt,3011 Supramat London Blue,#0F2435,0.25201530737288347,0.04217915221516488,245.01905342512646,15,36,53,"[15, 36, 53]",72%,32%,0%,79%,"[72%, 32%, 0%, 79%]",13.15,-3.75,-13.87,"[13.15, -3.75, -13.87]",https://www.agtwood.com/products/panel/panel/supramat-panel/london-blue,https://www.agtwood.com/medium/Product/Image/585a7be7-db24-4782-80a6-28bc15611532,,,,,,,,,,,,,,,,,,,,,,,,,,,,,,,,,,,,,,,,,,,
DB,agt,3029 Supramat Glamorous Pacific,#224B4F,0.3851232108949831,0.04627672356226212,203.83833586058836,34,75,79,"[34, 75, 79]",57%,5%,0%,69%,"[57%, 5%, 0%, 69%]",29.09,-14.00,-7.05,"[29.09, -14.00, -7.05]",https://www.agtwood.com/products/panel/panel/supramat-panel/glamorous-pacific,https://www.agtwood.com/medium/Product/Image/96ee5c4a-56ba-4991-9f2a-c1be22815cfe,,,,,,,,,,,,,,,,,,,,,,,,,,,,,,,,,,,,,,,,,,,
DB,agt,3027 Supramat Forest Green,#3B4D44,0.4018597315757774,0.02721063323129022,163.1937462209213,59,77,68,"[59, 77, 68]",23%,0%,12%,70%,"[23%, 0%, 12%, 70%]",30.98,-8.97,2.93,"[30.98, -8.97, 2.93]",https://www.agtwood.com/products/panel/panel/supramat-panel/forest-green,https://www.agtwood.com/medium/Product/Image/d11b4e53-39fd-4f35-ad25-9b46a59b8d47,,,,,,,,,,,,,,,,,,,,,,,,,,,,,,,,,,,,,,,,,,,
DB,agt,3017 Supramat Timeless Grey,#888D95,0.64184325251076,0.013258514984993738,259.83445048964427,136,141,149,"[136, 141, 149]",9%,5%,0%,42%,"[9%, 5%, 0%, 42%]",58.41,-0.66,-4.93,"[58.41, -0.66, -4.93]",https://www.agtwood.com/products/panel/panel/supramat-panel/timeless-grey,https://www.agtwood.com/medium/Product/Image/7151b5c4-858a-4c9a-92b7-59392b46b755,,,,,,,,,,,,,,,,,,,,,,,,,,,,,,,,,,,,,,,,,,,
DB,agt,3021 Supramat Ice Grey,#D1D3D4,0.8655911776627336,0.002566851692482571,228.48119254601852,209,211,212,"[209, 211, 212]",1%,0%,0%,17%,"[1%, 0%, 0%, 17%]",84.42,-0.57,-0.74,"[84.42, -0.57, -0.74]",https://www.agtwood.com/products/panel/panel/supramat-panel/ice-grey,https://www.agtwood.com/medium/Product/Image/f96269a8-17b4-4c41-8ecf-1192118e409f,,,,,,,,,,,,,,,,,,,,,,,,,,,,,,,,,,,,,,,,,,,
DB,agt,3015 Supramat Macaron Green,#8B9691,0.6626839382066021,0.01461575072277898,166.84831298906715,139,150,145,"[139, 150, 145]",7%,0%,3%,41%,"[7%, 0%, 3%, 41%]",61.07,-4.85,1.22,"[61.07, -4.85, 1.22]",https://www.agtwood.com/products/panel/panel/supramat-panel/macaron-green,https://www.agtwood.com/medium/Product/Image/54102c26-08a6-48e8-996a-6d28a4428a9c,,,,,,,,,,,,,,,,,,,,,,,,,,,,,,,,,,,,,,,,,,,
DB,agt,3020 Supramat Safari Grey,#8C8A86,0.6339181130114395,0.00638558885433733,84.52578686298585,140,138,134,"[140, 138, 134]",0%,1%,4%,45%,"[0%, 1%, 4%, 45%]",57.56,0.20,2.43,"[57.56, 0.20, 2.43]",https://www.agtwood.com/products/panel/panel/supramat-panel/safari-grey,https://www.agtwood.com/medium/Product/Image/6a880f97-940e-45e4-a672-3ef782b2b0a7,,,,,,,,,,,,,,,,,,,,,,,,,,,,,,,,,,,,,,,,,,,
DB,agt,3013 Supramat Breeze Beige,#CACABE,0.8356516814709438,0.016421900428387808,106.68641869492495,202,202,190,"[202, 202, 190]",0%,0%,6%,21%,"[0%, 0%, 6%, 21%]",81.07,-1.58,6.03,"[81.07, -1.58, 6.03]",https://www.agtwood.com/products/panel/panel/supramat-panel/breeze-beige,https://www.agtwood.com/medium/Product/Image/e99d1965-28e5-4f19-8969-0ca7a310134d,,,,,,,,,,,,,,,,,,,,,,,,,,,,,,,,,,,,,,,,,,,
DB,agt,3012 Supramat Snow White,#FFFFFF,1.000001034687582,0.000038836899109353605,72.58924660554214,255,255,255,"[255, 255, 255]",0%,0%,0%,0%,"[0%, 0%, 0%, 0%]",100.00,0.00,0.01,"[100.00, 0.00, 0.01]",https://www.agtwood.com/products/panel/panel/supramat-panel/snow-white,https://www.agtwood.com/medium/Product/Image/983f01dc-adae-4cce-b6e0-6315136ea2c1,,,,,,,,,,,,,,,,,,,,,,,,,,,,,,,,,,,,,,,,,,,
DB,agt,3018 Supramat Moonlight,#E9EBEC,0.9388230335841813,0.0025123864140846317,228.4446675122092,233,235,236,"[233, 235, 236]",1%,0%,0%,7%,"[1%, 0%, 0%, 7%]",92.91,-0.56,-0.72,"[92.91, -0.56, -0.72]",https://www.agtwood.com/products/panel/panel/supramat-panel/moonlight,https://www.agtwood.com/medium/Product/Image/f579270c-064b-489a-a954-b32005b701e4,,,,,,,,,,,,,,,,,,,,,,,,,,,,,,,,,,,,,,,,,,,
DB,agt,3028 Supramat Pearl White,#FAFAFA,0.9851046710049884,0.000038258371134472376,72.58924660530863,250,250,250,"[250, 250, 250]",0%,0%,0%,2%,"[0%, 0%, 0%, 2%]",98.27,0.00,0.01,"[98.27, 0.00, 0.01]",https://www.agtwood.com/products/panel/panel/supramat-panel/pearl-white,https://www.agtwood.com/medium/Product/Image/51280ede-6db3-4c49-9086-73c524ef3a43,,,,,,,,,,,,,,,,,,,,,,,,,,,,,,,,,,,,,,,,,,,
DB,agt,3050 3P Leaf Green,#485A52,0.4498171367447825,0.025722314260518284,166.3890724922676,72,90,82,"[72, 90, 82]",20%,0%,9%,65%,"[20%, 0%, 9%, 65%]",36.52,-8.59,2.23,"[36.52, -8.59, 2.23]",https://www.agtwood.com/products/panel/panel/3p-panel/leaf-green,https://www.agtwood.com/medium/Product/Image/e39ee021-25c2-46db-a0a8-b7533e0e0109,,,,,,,,,,,,,,,,,,,,,,,,,,,,,,,,,,,,,,,,,,,
DB,agt,3051 3P Caretta Green,#626B4A,0.5109150378212491,0.05073426833217765,120.5986030072985,98,107,74,"[98, 107, 74]",8%,0%,31%,58%,"[8%, 0%, 31%, 58%]",43.76,-8.17,17.36,"[43.76, -8.17, 17.36]",https://www.agtwood.com/products/panel/panel/3p-panel/caretta-green,https://www.agtwood.com/medium/Product/Image/62422382-9658-4640-8969-2ecce4af3645,,,,,,,,,,,,,,,,,,,,,,,,,,,,,,,,,,,,,,,,,,,
DB,agt,3049 3P Deep Blue,#323A48,0.3469174192790033,0.026842272633314474,261.58408707165177,50,58,72,"[50, 58, 72]",31%,19%,0%,72%,"[31%, 19%, 0%, 72%]",24.12,-0.59,-9.82,"[24.12, -0.59, -9.82]",https://www.agtwood.com/products/panel/panel/3p-panel/deep-blue,https://www.agtwood.com/medium/Product/Image/2bc629f5-738c-4086-9b85-22b527ccc0c3,,,,,,,,,,,,,,,,,,,,,,,,,,,,,,,,,,,,,,,,,,,
DB,agt,3058 3P Slate Coffee,#625D56,0.48080899025996654,0.01275758351403463,76.49560862036401,98,93,86,"[98, 93, 86]",0%,5%,12%,62%,"[0%, 5%, 12%, 62%]",39.80,1.06,4.80,"[39.80, 1.06, 4.80]",https://www.agtwood.com/products/panel/panel/3p-panel/slate-coffee,https://www.agtwood.com/medium/Product/Image/d386ec98-0673-48df-85f2-67490e2fd4a5,,,,,,,,,,,,,,,,,,,,,,,,,,,,,,,,,,,,,,,,,,,
DB,agt,3056 3P Slate Cream,#D0C4B5,0.8260309328279263,0.024639907344282758,73.55964245112546,208,196,181,"[208, 196, 181]",0%,6%,13%,18%,"[0%, 6%, 13%, 18%]",79.85,2.48,9.16,"[79.85, 2.48, 9.16]",https://www.agtwood.com/products/panel/panel/3p-panel/slate-cream,https://www.agtwood.com/medium/Product/Image/38d36907-d633-46c7-b593-1768abb0b6b1,,,,,,,,,,,,,,,,,,,,,,,,,,,,,,,,,,,,,,,,,,,
DB,agt,3069 3P Slate Beige,#AEA08E,0.7128129938152722,0.030289348190902166,74.17539689692467,174,160,142,"[174, 160, 142]",0%,8%,18%,32%,"[0%, 8%, 18%, 32%]",66.72,3.05,11.38,"[66.72, 3.05, 11.38]",https://www.agtwood.com/products/panel/panel/3p-panel/slate-beige,https://www.agtwood.com/medium/Product/Image/4fd20b03-29c5-4748-a12d-ca9f459973e9,,,,,,,,,,,,,,,,,,,,,,,,,,,,,,,,,,,,,,,,,,,
DB,agt,3066 3P Limba Light Grey,#C6C1B7,0.8121535942966289,0.014935381541505525,84.55914857335517,198,193,183,"[198, 193, 183]",0%,3%,8%,22%,"[0%, 3%, 8%, 22%]",78.27,0.50,5.72,"[78.27, 0.50, 5.72]",https://www.agtwood.com/products/panel/panel/3p-panel/limba-light-grey,https://www.agtwood.com/medium/Product/Image/a4368d0a-b4ca-4232-a02e-bac6073ae7de,,,,,,,,,,,,,,,,,,,,,,,,,,,,,,,,,,,,,,,,,,,
DB,agt,3057 3P Slate Gray,#403E38,0.3638118499884323,0.010443536566274994,91.60683207978826,64,62,56,"[64, 62, 56]",0%,3%,13%,75%,"[0%, 3%, 13%, 75%]",26.26,-0.06,4.03,"[26.26, -0.06, 4.03]",https://www.agtwood.com/products/panel/panel/3p-panel/slate-gray,https://www.agtwood.com/medium/Product/Image/b0233594-714b-48c3-9508-7e3b403068d7,,,,,,,,,,,,,,,,,,,,,,,,,,,,,,,,,,,,,,,,,,,
DB,agt,3062 3P Croco Blue,#B3B6B5,0.7735758336608886,0.0036366019707056996,173.9896826315411,179,182,181,"[179, 182, 181]",2%,0%,1%,29%,"[2%, 0%, 1%, 29%]",73.78,-1.23,0.13,"[73.78, -1.23, 0.13]",https://www.agtwood.com/products/panel/panel/3p-panel/croco-blue,https://www.agtwood.com/medium/Product/Image/3b904524-7d3f-45f9-bb6e-18886fb4df1d,,,,,,,,,,,,,,,,,,,,,,,,,,,,,,,,,,,,,,,,,,,
DB,agt,3063 3P Croco Grey,#97948E,0.667294831698884,0.009432760736000871,84.54600065383852,151,148,142,"[151, 148, 142]",0%,2%,6%,41%,"[0%, 2%, 6%, 41%]",61.44,0.31,3.60,"[61.44, 0.31, 3.60]",https://www.agtwood.com/products/panel/panel/3p-panel/croco-grey,https://www.agtwood.com/medium/Product/Image/904f30ba-99f9-4e80-8b2f-add300c9c7ce,,,,,,,,,,,,,,,,,,,,,,,,,,,,,,,,,,,,,,,,,,,
DB,agt,3060 3P Textile Vison,#A5A194,0.7086160741319188,0.01907003668855077,92.72114920388356,165,161,148,"[165, 161, 148]",0%,2%,10%,35%,"[0%, 2%, 10%, 35%]",66.30,-0.24,7.35,"[66.30, -0.24, 7.35]",https://www.agtwood.com/products/panel/panel/3p-panel/textile-vison,https://www.agtwood.com/medium/Product/Image/96520e57-acbd-4984-9ad4-bbe3cdb64179,,,,,,,,,,,,,,,,,,,,,,,,,,,,,,,,,,,,,,,,,,,
DB,agt,3059 3P Textile Light,#E3E1D9,0.9090827599358767,0.010997670692873293,95.10128327824498,227,225,217,"[227, 225, 217]",0%,1%,4%,11%,"[0%, 1%, 4%, 11%]",89.52,-0.34,4.19,"[89.52, -0.34, 4.19]",https://www.agtwood.com/products/panel/panel/3p-panel/textile-light,https://www.agtwood.com/medium/Product/Image/8259670d-268c-4888-a311-62c36fdb7287,,,,,,,,,,,,,,,,,,,,,,,,,,,,,,,,,,,,,,,,,,,
DB,agt,3061 3P Timber Light,#C3B9A3,0.788071669320529,0.032321384796065625,86.4504254806219,195,185,163,"[195, 185, 163]",0%,5%,16%,24%,"[0%, 5%, 16%, 24%]",75.54,0.93,12.56,"[75.54, 0.93, 12.56]",https://www.agtwood.com/products/panel/panel/3p-panel/timber-light,https://www.agtwood.com/medium/Product/Image/06e9b396-1bff-4843-8f99-d81467c362d4,,,,,,,,,,,,,,,,,,,,,,,,,,,,,,,,,,,,,,,,,,,
DB,agt,3047 3P Night Black,#0C0E0E,0.16146009413761955,0.003280171436271261,196.74063529231603,12,14,14,"[12, 14, 14]",14%,0%,0%,95%,"[14%, 0%, 0%, 95%]",3.82,-0.64,-0.23,"[3.82, -0.64, -0.23]",https://www.agtwood.com/products/panel/panel/3p-panel/night-black,https://www.agtwood.com/medium/Product/Image/573cb86f-e568-4008-bb81-22896df552bd,,,,,,,,,,,,,,,,,,,,,,,,,,,,,,,,,,,,,,,,,,,
DB,agt,3048 3P Elite Grey,#434343,0.3828790194693312,0.000014869818464553797,72.58924660538878,67,67,67,"[67, 67, 67]",0%,0%,0%,74%,"[0%, 0%, 0%, 74%]",28.41,0.00,0.01,"[28.41, 0.00, 0.01]",https://www.agtwood.com/products/panel/panel/3p-panel/elite-grey,https://www.agtwood.com/medium/Product/Image/bff8dc5c-5d3e-4bdd-8e27-380683d05aca,,,,,,,,,,,,,,,,,,,,,,,,,,,,,,,,,,,,,,,,,,,
DB,agt,3055 3P Polar White,#FBF9F6,0.9828160315022894,0.0045539137482878194,78.2462207461615,251,249,246,"[251, 249, 246]",0%,1%,2%,2%,"[0%, 1%, 2%, 2%]",98.02,0.30,1.70,"[98.02, 0.30, 1.70]",https://www.agtwood.com/products/panel/panel/3p-panel/polar-white,https://www.agtwood.com/medium/Product/Image/389d7a4f-8404-4a35-a913-b27b6cb3876e,,,,,,,,,,,,,,,,,,,,,,,,,,,,,,,,,,,,,,,,,,,
DB,agt,3052 3P Comfort Grey,#96958F,0.668880784051658,0.00879635013327457,98.87074931618241,150,149,143,"[150, 149, 143]",0%,1%,5%,41%,"[0%, 1%, 5%, 41%]",61.65,-0.46,3.32,"[61.65, -0.46, 3.32]",https://www.agtwood.com/products/panel/panel/3p-panel/comfort-grey,https://www.agtwood.com/medium/Product/Image/bfae6c54-2099-4c8d-88ae-f75aa8211adc,,,,,,,,,,,,,,,,,,,,,,,,,,,,,,,,,,,,,,,,,,,
DB,agt,3053 3P Vintage Beige,#CEC5B0,0.8250915893230092,0.030350490215245454,87.53920072121565,206,197,176,"[206, 197, 176]",0%,4%,15%,19%,"[0%, 4%, 15%, 19%]",79.84,0.64,11.77,"[79.84, 0.64, 11.77]",https://www.agtwood.com/products/panel/panel/3p-panel/vintage-beige,https://www.agtwood.com/medium/Product/Image/5bf565b8-7dc5-414a-9dee-3baf8544af46,,,,,,,,,,,,,,,,,,,,,,,,,,,,,,,,,,,,,,,,,,,
DB,agt,3054 3P Latte Cream,#EBD9BD,0.8926810793786403,0.04224352911269771,78.93631528668806,235,217,189,"[235, 217, 189]",0%,8%,20%,8%,"[0%, 8%, 20%, 8%]",87.64,3.16,16.22,"[87.64, 3.16, 16.22]",https://www.agtwood.com/products/panel/panel/3p-panel/latte-cream,https://www.agtwood.com/medium/Product/Image/35c66aa9-9a16-4449-9e32-fdb8ec85a999,,,,,,,,,,,,,,,,,,,,,,,,,,,,,,,,,,,,,,,,,,,
DB,agt,3071 3P Timber Grey,#706A5F,0.5264486956807917,0.018424660617343293,82.75085143889027,112,106,95,"[112, 106, 95]",0%,5%,15%,56%,"[0%, 5%, 15%, 56%]",45.13,0.90,7.09,"[45.13, 0.90, 7.09]",https://www.agtwood.com/products/panel/panel/3p-panel/timber-grey,https://www.agtwood.com/medium/Product/Image/bd0d3619-8348-49c8-8650-a552e55185be,,,,,,,,,,,,,,,,,,,,,,,,,,,,,,,,,,,,,,,,,,,
DB,agt,3064 3P Croco Cream,#F1EDE9,0.9480909588298406,0.006923005953157524,67.76224575739036,241,237,233,"[241, 237, 233]",0%,2%,3%,5%,"[0%, 2%, 3%, 5%]",93.98,0.88,2.46,"[93.98, 0.88, 2.46]",https://www.agtwood.com/products/panel/panel/3p-panel/croco-cream,https://www.agtwood.com/medium/Product/Image/eaa4aa0a-9ab4-4e6e-92b8-42e8b780695b,,,,,,,,,,,,,,,,,,,,,,,,,,,,,,,,,,,,,,,,,,,
DB,agt,3112 Trendy Luna Inox,#CFCFD1,0.8550960368159071,0.0027083762696343866,286.7328075427149,207,207,209,"[207, 207, 209]",1%,1%,0%,18%,"[1%, 1%, 0%, 18%]",83.17,0.28,-0.98,"[83.17, 0.28, -0.98]",https://www.agtwood.com/products/panel/panel/trendy-panel/luna-inox,https://www.agtwood.com/medium/Product/Image/8b9be83d-2efc-4d94-ae2d-4b1a9898a3bb,,,,,,,,,,,,,,,,,,,,,,,,,,,,,,,,,,,,,,,,,,,
DB,agt,3113 Trendy Linearbrushed Metal,#A4A3A0,0.7154046565448836,0.004470884422056921,91.34604707053688,164,163,160,"[164, 163, 160]",0%,1%,2%,36%,"[0%, 1%, 2%, 36%]",67.01,-0.04,1.71,"[67.01, -0.04, 1.71]",https://www.agtwood.com/products/panel/panel/trendy-panel/linearbrushed-metal,https://www.agtwood.com/medium/Product/Image/d2e61c2f-db06-4cb9-a841-ede10a739db0,,,,,,,,,,,,,,,,,,,,,,,,,,,,,,,,,,,,,,,,,,,
DB,agt,3108 Trendy Silk Grey,#6E797A,0.5672490777132552,0.01323885283062694,203.30668760829667,110,121,122,"[110, 121, 122]",10%,1%,0%,52%,"[10%, 1%, 0%, 52%]",49.93,-4.08,-2.02,"[49.93, -4.08, -2.02]",https://www.agtwood.com/products/panel/panel/trendy-panel/silk-grey,https://www.agtwood.com/medium/Product/Image/cf2b0e8e-1317-4fed-ad67-9e0a2f49cf62,,,,,,,,,,,,,,,,,,,,,,,,,,,,,,,,,,,,,,,,,,,
DB,agt,3109 Trendy Graphite Grey,#3F403D,0.3694841895169343,0.005218538740639655,121.60459202208426,63,64,61,"[63, 64, 61]",2%,0%,5%,75%,"[2%, 0%, 5%, 75%]",26.92,-0.93,1.69,"[26.92, -0.93, 1.69]",https://www.agtwood.com/products/panel/panel/trendy-panel/graphite-grey,https://www.agtwood.com/medium/Product/Image/c1714683-0789-46d4-a12c-0394cd65ac1c,,,,,,,,,,,,,,,,,,,,,,,,,,,,,,,,,,,,,,,,,,,
DB,agt,3110 Trendy Orbit Copper,#BA926C,0.688309629450603,0.07108668913092411,64.73021344056309,186,146,108,"[186, 146, 108]",0%,22%,42%,27%,"[0%, 22%, 42%, 27%]",63.71,11.84,26.23,"[63.71, 11.84, 26.23]",https://www.agtwood.com/products/panel/panel/trendy-panel/orbit-copper,https://www.agtwood.com/medium/Product/Image/723d35c5-deb7-4176-8396-4a89231e6c0b,,,,,,,,,,,,,,,,,,,,,,,,,,,,,,,,,,,,,,,,,,,
DB,agt,3111 Trendy Orbit Inox,#AEAB9D,0.7397240079565995,0.019994291116942824,96.9163585587911,174,171,157,"[174, 171, 157]",0%,2%,10%,32%,"[0%, 2%, 10%, 32%]",69.93,-0.75,7.65,"[69.93, -0.75, 7.65]",https://www.agtwood.com/products/panel/panel/trendy-panel/orbit-inox,https://www.agtwood.com/medium/Product/Image/cfb06e2e-975f-47c4-9db5-0f9b2c7b0429,,,,,,,,,,,,,,,,,,,,,,,,,,,,,,,,,,,,,,,,,,,
DB,agt,3103 Trendy Linea Brown,#6F614F,0.5008998257850572,0.03278606548822909,73.89368211539818,111,97,79,"[111, 97, 79]",0%,13%,29%,56%,"[0%, 13%, 29%, 56%]",42.12,3.56,12.49,"[42.12, 3.56, 12.49]",https://www.agtwood.com/products/panel/panel/trendy-panel/linea-brown,https://www.agtwood.com/medium/Product/Image/70ff1594-e8de-474a-a73b-3d28b8ed27e3,,,,,,,,,,,,,,,,,,,,,,,,,,,,,,,,,,,,,,,,,,,
DB,agt,3104 Trendy Moongrain Brown,#636051,0.48729903490434856,0.023466108961059714,97.81772531069049,99,96,81,"[99, 96, 81]",0%,3%,18%,61%,"[0%, 3%, 18%, 61%]",40.67,-0.87,9.07,"[40.67, -0.87, 9.07]",https://www.agtwood.com/products/panel/panel/trendy-panel/moongrain-brown,https://www.agtwood.com/medium/Product/Image/7a0d6aed-d13b-4ac4-8645-1be2795d200a,,,,,,,,,,,,,,,,,,,,,,,,,,,,,,,,,,,,,,,,,,,
DB,agt,3105 Trendy Mint Green,#CDD7CE,0.8689537968063651,0.01632153114120536,148.27315659786063,205,215,206,"[205, 215, 206]",5%,0%,4%,16%,"[5%, 0%, 4%, 16%]",85.02,-4.74,3.23,"[85.02, -4.74, 3.23]",https://www.agtwood.com/products/panel/panel/trendy-panel/mint-green,https://www.agtwood.com/medium/Product/Image/9cf44c69-36e4-4d4f-a435-ee56935110f6,,,,,,,,,,,,,,,,,,,,,,,,,,,,,,,,,,,,,,,,,,,
DB,agt,3106 Trendy Midnight Blue,#1C3754,0.3303932969605569,0.06141416631458282,251.67861632000756,28,55,84,"[28, 55, 84]",67%,35%,0%,67%,"[67%, 35%, 0%, 67%]",22.07,-2.65,-21.04,"[22.07, -2.65, -21.04]",https://www.agtwood.com/products/panel/panel/trendy-panel/midnight-blue,https://www.agtwood.com/medium/Product/Image/b9be5d98-ba04-4675-92b8-1b672ea7b7d8,,,,,,,,,,,,,,,,,,,,,,,,,,,,,,,,,,,,,,,,,,,
DB,agt,3107 Trendy Space Metal,#DFE0DF,0.905642753482473,0.0017300416967327534,144.45350964490024,223,224,223,"[223, 224, 223]",0%,0%,0%,12%,"[0%, 0%, 0%, 12%]",89.08,-0.48,0.38,"[89.08, -0.48, 0.38]",https://www.agtwood.com/products/panel/panel/trendy-panel/space-metal,https://www.agtwood.com/medium/Product/Image/a05292f1-331f-4ecf-a666-c401607ea1f2,,,,,,,,,,,,,,,,,,,,,,,,,,,,,,,,,,,,,,,,,,,
DB,agt,3099 Trendy Nordic Oak,#DCB78C,0.8016300403859845,0.0713405494967111,70.73187790894974,220,183,140,"[220, 183, 140]",0%,17%,36%,14%,"[0%, 17%, 36%, 14%]",76.96,9.41,27.18,"[76.96, 9.41, 27.18]",https://www.agtwood.com/products/panel/panel/trendy-panel/nordic-oak,https://www.agtwood.com/medium/Product/Image/3c4504b9-fc3e-46b6-bde6-871d25c15859,,,,,,,,,,,,,,,,,,,,,,,,,,,,,,,,,,,,,,,,,,,
DB,agt,3098 Trendy Stone Vison,#AC9D87,0.7030073357493566,0.03568688004048755,77.4652824707527,172,157,135,"[172, 157, 135]",0%,9%,22%,33%,"[0%, 9%, 22%, 33%]",65.61,3.01,13.67,"[65.61, 3.01, 13.67]",https://www.agtwood.com/products/panel/panel/trendy-panel/stone-vison,https://www.agtwood.com/medium/Product/Image/e4a4bd7a-5e62-464b-a2bc-154faa10efa8,,,,,,,,,,,,,,,,,,,,,,,,,,,,,,,,,,,,,,,,,,,
DB,agt,670 Trendy Galaxy White,#BCBCBC,0.7952257413215413,0.00003088406992953959,72.58924660534564,188,188,188,"[188, 188, 188]",0%,0%,0%,26%,"[0%, 0%, 0%, 26%]",76.25,0.00,0.01,"[76.25, 0.00, 0.01]",https://www.agtwood.com/products/panel/panel/trendy-panel/hg-galaxy-white,https://www.agtwood.com/medium/Product/Image/ed44ab6a-e74a-438b-a80e-7ed326d536d5,,,,,,,,,,,,,,,,,,,,,,,,,,,,,,,,,,,,,,,,,,,
DB,agt,3076 Trendy Classic Oak,#D2B382,0.782220762393926,0.07400775909657172,78.74997116439908,210,179,130,"[210, 179, 130]",0%,15%,38%,18%,"[0%, 15%, 38%, 18%]",74.83,6.56,29.44,"[74.83, 6.56, 29.44]",https://www.agtwood.com/products/panel/panel/trendy-panel/classic-oak,https://www.agtwood.com/medium/Product/Image/8900f642-e647-4632-8f6a-fe6bd8c068fd,,,,,,,,,,,,,,,,,,,,,,,,,,,,,,,,,,,,,,,,,,,
DB,agt,3078 Trendy Milling Oak,#978670,0.6293701344939756,0.037857792446981106,74.13954485990723,151,134,112,"[151, 134, 112]",0%,11%,26%,41%,"[0%, 11%, 26%, 41%]",57.04,4.00,14.38,"[57.04, 4.00, 14.38]",https://www.agtwood.com/products/panel/panel/trendy-panel/milling-oak,https://www.agtwood.com/medium/Product/Image/59905ff8-3acc-4bbe-a05a-7acee1e1841d,,,,,,,,,,,,,,,,,,,,,,,,,,,,,,,,,,,,,,,,,,,
DB,agt,6026 Trendy Spectrum Rose,#7C6958,0.5342285738467567,0.0352851599451116,63.78577009681021,124,105,88,"[124, 105, 88]",0%,15%,29%,51%,"[0%, 15%, 29%, 51%]",45.91,5.74,12.55,"[45.91, 5.74, 12.55]",https://www.agtwood.com/products/panel/panel/trendy-panel/spectrum-rose,https://www.agtwood.com/medium/Product/Image/718a9c42-68d7-4a25-94b4-aceb9192649f,,,,,,,,,,,,,,,,,,,,,,,,,,,,,,,,,,,,,,,,,,,
DB,agt,3081 Trendy Ardoise,#2C2B30,0.2921082353420533,0.009066775074846269,295.05496708940973,44,43,48,"[44, 43, 48]",8%,10%,0%,81%,"[8%, 10%, 0%, 81%]",17.79,1.38,-3.08,"[17.79, 1.38, -3.08]",https://www.agtwood.com/products/panel/panel/trendy-panel/ardoise,https://www.agtwood.com/medium/Product/Image/663fc372-6e89-4f24-9de4-335bcc9aa730,,,,,,,,,,,,,,,,,,,,,,,,,,,,,,,,,,,,,,,,,,,
DB,agt,3079 Trendy Wooden Oak,#6A492D,0.43517113030646165,0.061380590501297405,60.47069319025991,106,73,45,"[106, 73, 45]",0%,31%,58%,58%,"[0%, 31%, 58%, 58%]",34.28,11.98,22.55,"[34.28, 11.98, 22.55]",https://www.agtwood.com/products/panel/panel/trendy-panel/wooden-oak,https://www.agtwood.com/medium/Product/Image/8f2e2c76-8825-4cd6-8fdd-6e5b5fbefa73,,,,,,,,,,,,,,,,,,,,,,,,,,,,,,,,,,,,,,,,,,,
DB,agt,6023 Trendy Spectrum Light,#7D776B,0.5710455568845748,0.019429475204932115,84.5739597179371,125,119,107,"[125, 119, 107]",0%,5%,14%,51%,"[0%, 5%, 14%, 51%]",50.31,0.74,7.50,"[50.31, 0.74, 7.50]",https://www.agtwood.com/products/panel/panel/trendy-panel/spectrum-light,https://www.agtwood.com/medium/Product/Image/794aa819-40be-49c4-abb3-bfced663a1df,,,,,,,,,,,,,,,,,,,,,,,,,,,,,,,,,,,,,,,,,,,
DB,agt,3080 Trendy Pearl Marble,#EBEAEA,0.9378208650261276,0.0010991496718715601,18.73918709539356,235,234,234,"[235, 234, 234]",0%,0%,0%,8%,"[0%, 0%, 0%, 8%]",92.78,0.35,0.14,"[92.78, 0.35, 0.14]",https://www.agtwood.com/products/panel/panel/trendy-panel/pearl-marble,https://www.agtwood.com/medium/Product/Image/3d3c2e18-ca2b-4176-87a6-e28bf9579be0,,,,,,,,,,,,,,,,,,,,,,,,,,,,,,,,,,,,,,,,,,,
DB,agt,3075 Trendy Tokyo White,#EEE9E4,0.9365290084435468,0.008669640716225351,67.73515985560493,238,233,228,"[238, 233, 228]",0%,2%,4%,7%,"[0%, 2%, 4%, 7%]",92.64,1.10,3.08,"[92.64, 1.10, 3.08]",https://www.agtwood.com/products/panel/panel/trendy-panel/tokyo-white,https://www.agtwood.com/medium/Product/Image/9ea07f93-b013-4366-b734-6434bcd5a5af,,,,,,,,,,,,,,,,,,,,,,,,,,,,,,,,,,,,,,,,,,,
DB,agt,3077 Trendy Sooty Oak,#4E4032,0.3820684858939006,0.029889099347635575,66.7284399666816,78,64,50,"[78, 64, 50]",0%,18%,36%,69%,"[0%, 18%, 36%, 69%]",28.28,4.50,10.98,"[28.28, 4.50, 10.98]",https://www.agtwood.com/products/panel/panel/trendy-panel/sooty-oak,https://www.agtwood.com/medium/Product/Image/cf53face-7bf5-46e7-856d-6532b264eba9,,,,,,,,,,,,,,,,,,,,,,,,,,,,,,,,,,,,,,,,,,,
DB,agt,6025 Trendy Spectrum Blue,#6C6F69,0.5371867249563604,0.009882705867629597,128.57091272416108,108,111,105,"[108, 111, 105]",3%,0%,5%,56%,"[3%, 0%, 5%, 56%]",46.43,-2.10,2.94,"[46.43, -2.10, 2.94]",https://www.agtwood.com/products/panel/panel/trendy-panel/spectrum-blue,https://www.agtwood.com/medium/Product/Image/dd0840f9-7038-4aca-8102-cfd57f69612e,,,,,,,,,,,,,,,,,,,,,,,,,,,,,,,,,,,,,,,,,,,
DB,agt,6024 Trendy Spectrum Dark,#887B72,0.5920331029623089,0.020983364254108714,57.00573932129953,136,123,114,"[136, 123, 114]",0%,10%,16%,47%,"[0%, 10%, 16%, 47%]",52.62,3.97,6.85,"[52.62, 3.97, 6.85]",https://www.agtwood.com/products/panel/panel/trendy-panel/spectrum-dark,https://www.agtwood.com/medium/Product/Image/7e31df5f-0d03-4a42-bf12-6b8aa6928212,,,,,,,,,,,,,,,,,,,,,,,,,,,,,,,,,,,,,,,,,,,
DB,agt,740 Trendy Beige Grey,#6B6C5B,0.525334282796361,0.02583075162501933,109.98579816577637,107,108,91,"[107, 108, 91]",1%,0%,16%,58%,"[1%, 0%, 16%, 58%]",45.16,-2.82,9.43,"[45.16, -2.82, 9.43]",https://www.agtwood.com/products/panel/panel/trendy-panel/soft-touch-beige-grey,https://www.agtwood.com/medium/Product/Image/d6503c13-bbb2-4e1d-afd9-620c7e5dce8a,,,,,,,,,,,,,,,,,,,,,,,,,,,,,,,,,,,,,,,,,,,
DB,agt,738 Trendy Clay,#945444,0.5166952582651521,0.08940210001697972,34.93754765095815,148,84,68,"[148, 84, 68]",0%,43%,54%,42%,"[0%, 43%, 54%, 42%]",43.21,26.02,21.48,"[43.21, 26.02, 21.48]",https://www.agtwood.com/products/panel/panel/trendy-panel/soft-touch-clay,https://www.agtwood.com/medium/Product/Image/27a9ce96-6d9b-44f3-a341-511c985bade5,,,,,,,,,,,,,,,,,,,,,,,,,,,,,,,,,,,,,,,,,,,
DB,agt,3074 Trendy Tokyo Grey,#AFABA0,0.7413781136924962,0.016188792722107027,90.23985309204966,175,171,160,"[175, 171, 160]",0%,2%,9%,31%,"[0%, 2%, 9%, 31%]",70.08,0.02,6.23,"[70.08, 0.02, 6.23]",https://www.agtwood.com/products/panel/panel/trendy-panel/tokyo-grey,https://www.agtwood.com/medium/Product/Image/9a93b22a-3af3-433c-b70e-b2d96b9d6c20,,,,,,,,,,,,,,,,,,,,,,,,,,,,,,,,,,,,,,,,,,,
DB,agt,398 Trendy Super Matt Light Cream,#F4EEE4,0.9510539836692661,0.014831821793202872,80.68294732380798,244,238,228,"[244, 238, 228]",0%,2%,7%,4%,"[0%, 2%, 7%, 4%]",94.37,0.82,5.62,"[94.37, 0.82, 5.62]",https://www.agtwood.com/products/panel/panel/trendy-panel/super-matt-light-cream,https://www.agtwood.com/medium/Product/Image/0ed7ed4d-b3d2-4b98-8300-667c4c4362fe,,,,,,,,,,,,,,,,,,,,,,,,,,,,,,,,,,,,,,,,,,,
DB,agt,6016 Trendy Onyx Grey,#B5B9B7,0.7819876810817302,0.005260319649287629,164.6403567207076,181,185,183,"[181, 185, 183]",2%,0%,1%,27%,"[2%, 0%, 1%, 27%]",74.78,-1.72,0.51,"[74.78, -1.72, 0.51]",https://www.agtwood.com/products/panel/panel/trendy-panel/hg-onyx-grey,https://www.agtwood.com/medium/Product/Image/487a59ae-408e-499b-94f4-b87728c76506,,,,,,,,,,,,,,,,,,,,,,,,,,,,,,,,,,,,,,,,,,,
DB,agt,3001 Trendy Super Matt Light Grey,#F9F9F5,0.9810125196051191,0.005306102548277544,106.26775685372047,249,249,245,"[249, 249, 245]",0%,0%,2%,2%,"[0%, 0%, 2%, 2%]",97.84,-0.52,1.94,"[97.84, -0.52, 1.94]",https://www.agtwood.com/products/panel/panel/trendy-panel/super-matt-light-grey,https://www.agtwood.com/medium/Product/Image/3f9a8f61-974c-468c-beb0-524fd1a1baf2,,,,,,,,,,,,,,,,,,,,,,,,,,,,,,,,,,,,,,,,,,,
DB,agt,399 Trendy Matt Studio Grey,#9DA09F,0.7029959136074851,0.003724145632053454,174.0243069027414,157,160,159,"[157, 160, 159]",2%,0%,1%,37%,"[2%, 0%, 1%, 37%]",65.60,-1.26,0.14,"[65.60, -1.26, 0.14]",https://www.agtwood.com/products/panel/panel/trendy-panel/matt-studio-grey,https://www.agtwood.com/medium/Product/Image/08e6ca76-5dd8-4eba-8336-910551245ddd,,,,,,,,,,,,,,,,,,,,,,,,,,,,,,,,,,,,,,,,,,,
DB,agt,6015 Trendy Diamond Gray,#908E87,0.6463289656162772,0.01052025185709086,93.58042062040533,144,142,135,"[144, 142, 135]",0%,1%,6%,44%,"[0%, 1%, 6%, 44%]",59.04,-0.22,4.03,"[59.04, -0.22, 4.03]",https://www.agtwood.com/products/panel/panel/trendy-panel/hg-diamond-gray,https://www.agtwood.com/medium/Product/Image/4defe06f-4c47-46e0-a028-45e6d51dafff,,,,,,,,,,,,,,,,,,,,,,,,,,,,,,,,,,,,,,,,,,,
DB,agt,6013 Trendy Light Gray,#F1F1ED,0.9570352261513885,0.00533779174751774,106.27770190315113,241,241,237,"[241, 241, 237]",0%,0%,2%,5%,"[0%, 0%, 2%, 5%]",95.06,-0.52,1.95,"[95.06, -0.52, 1.95]",https://www.agtwood.com/products/panel/panel/trendy-panel/hg-light-gray,https://www.agtwood.com/medium/Product/Image/3d2bbb13-2374-4d54-b8a3-a9e5552a034c,,,,,,,,,,,,,,,,,,,,,,,,,,,,,,,,,,,,,,,,,,,
DB,agt,678 Trendy Galaxy Cream,#FEEFCE,0.9556227628729886,0.046023684905250474,86.44993383034671,254,239,206,"[254, 239, 206]",0%,6%,19%,0%,"[0%, 6%, 19%, 0%]",95.02,1.42,17.96,"[95.02, 1.42, 17.96]",https://www.agtwood.com/products/panel/panel/trendy-panel/hg-galaxy-cream,https://www.agtwood.com/medium/Product/Image/21ce1d52-1f68-4d9d-93b5-80fb59fd10c4,,,,,,,,,,,,,,,,,,,,,,,,,,,,,,,,,,,,,,,,,,,
DB,agt,737 Trendy Siena Wood,#836958,0.5416208146400617,0.0420924753365222,54.812154737283834,131,105,88,"[131, 105, 88]",0%,20%,33%,49%,"[0%, 20%, 33%, 49%]",46.67,8.77,13.73,"[46.67, 8.77, 13.73]",https://www.agtwood.com/products/panel/panel/trendy-panel/soft-touch-siena-wood,https://www.agtwood.com/medium/Product/Image/f353ea67-9e47-496c-ae8c-54177c54e815,,,,,,,,,,,,,,,,,,,,,,,,,,,,,,,,,,,,,,,,,,,
DB,agt,640 Trendy Galaxy Honey Mist,#B49D7D,0.708114564626249,0.05198477420605518,75.85377752897762,180,157,125,"[180, 157, 125]",0%,13%,31%,29%,"[0%, 13%, 31%, 29%]",66.19,5.18,20.10,"[66.19, 5.18, 20.10]",https://www.agtwood.com/products/panel/panel/trendy-panel/hg-galaxy-honey-mist,https://www.agtwood.com/medium/Product/Image/9a4d2b4c-0b80-4197-8503-e642c6cd6382,,,,,,,,,,,,,,,,,,,,,,,,,,,,,,,,,,,,,,,,,,,
DB,agt,608 Trendy Metallic Anthracite,#484D4D,0.41566048739681805,0.006500861231375984,196.78744959631422,72,77,77,"[72, 77, 77]",6%,0%,0%,70%,"[6%, 0%, 0%, 70%]",32.28,-2.10,-0.73,"[32.28, -2.10, -0.73]",https://www.agtwood.com/products/panel/panel/trendy-panel/hg-metallic-anthracite,https://www.agtwood.com/medium/Product/Image/9544be5a-92af-4579-ac33-df2b3ff50778,,,,,,,,,,,,,,,,,,,,,,,,,,,,,,,,,,,,,,,,,,,
DB,agt,3006 Trendy Super Matt Galaxy White,#F8FAF7,0.9827568318212191,0.004488477326990001,134.4234185319516,248,250,247,"[248, 250, 247]",1%,0%,1%,2%,"[1%, 0%, 1%, 2%]",98.06,-1.07,1.21,"[98.06, -1.07, 1.21]",https://www.agtwood.com/products/panel/panel/trendy-panel/super-matt-galaxy-white,https://www.agtwood.com/medium/Product/Image/72e1aac9-537a-4687-a63d-6e8d9bd6b8a2,,,,,,,,,,,,,,,,,,,,,,,,,,,,,,,,,,,,,,,,,,,
DB,agt,397 Trendy Natural Touch Oak,#BF996E,0.7077980460422091,0.07376523167788816,69.63900537200374,191,153,110,"[191, 153, 110]",0%,20%,42%,25%,"[0%, 20%, 42%, 25%]",66.04,10.44,28.27,"[66.04, 10.44, 28.27]",https://www.agtwood.com/products/panel/panel/trendy-panel/natural-touch-oak,https://www.agtwood.com/medium/Product/Image/f2eba50c-22ed-4817-b4c9-92033f9f1d23,,,,,,,,,,,,,,,,,,,,,,,,,,,,,,,,,,,,,,,,,,,
DB,agt,387 Trendy Matt Cashmere Gray,#8E897F,0.6314581472953925,0.015855165962869747,84.57075167786024,142,137,127,"[142, 137, 127]",0%,4%,11%,44%,"[0%, 4%, 11%, 44%]",57.31,0.56,6.09,"[57.31, 0.56, 6.09]",https://www.agtwood.com/products/panel/panel/trendy-panel/matt-cashmere-gray,https://www.agtwood.com/medium/Product/Image/3d05ac28-f9b6-4a23-8701-07f67e2382d2,,,,,,,,,,,,,,,,,,,,,,,,,,,,,,,,,,,,,,,,,,,
DB,agt,385 Trendy Matt Cashmere Cream,#FEF8EA,0.9799997745604025,0.019543402417767704,87.47978032633728,254,248,234,"[254, 248, 234]",0%,2%,8%,0%,"[0%, 2%, 8%, 0%]",97.77,0.33,7.51,"[97.77, 0.33, 7.51]",https://www.agtwood.com/products/panel/panel/trendy-panel/matt-cashmere-cream,https://www.agtwood.com/medium/Product/Image/9dbf595a-978d-401b-bf21-fb0a5ed87a73,,,,,,,,,,,,,,,,,,,,,,,,,,,,,,,,,,,,,,,,,,,
DB,agt,384 Trendy Matt Cashmere Gold,#383125,0.31686310732486817,0.02266470205273325,81.02628438197587,56,49,37,"[56, 49, 37]",0%,13%,34%,78%,"[0%, 13%, 34%, 78%]",20.80,1.57,8.91,"[20.80, 1.57, 8.91]",https://www.agtwood.com/products/panel/panel/trendy-panel/matt-cashmere-gold,https://www.agtwood.com/medium/Product/Image/ffca5432-14b0-47ae-8028-4227e5fc9243,,,,,,,,,,,,,,,,,,,,,,,,,,,,,,,,,,,,,,,,,,,
DB,agt,394 Trendy Picasso Inoks,#84725D,0.5631731182017978,0.0383574874540093,71.2217364663129,132,114,93,"[132, 114, 93]",0%,14%,30%,48%,"[0%, 14%, 30%, 48%]",49.33,4.75,14.42,"[49.33, 4.75, 14.42]",https://www.agtwood.com/products/panel/panel/trendy-panel/picasso-inoks,https://www.agtwood.com/medium/Product/Image/022ab480-2f65-46d6-8cff-9ea19be761a4,,,,,,,,,,,,,,,,,,,,,,,,,,,,,,,,,,,,,,,,,,,
DB,agt,383 Trendy Matt Cashmere White,#F5F5FE,0.9727276282738643,0.011916863600517925,286.2767848869838,245,245,254,"[245, 245, 254]",4%,4%,0%,0%,"[4%, 4%, 0%, 0%]",96.73,1.21,-4.32,"[96.73, 1.21, -4.32]",https://www.agtwood.com/products/panel/panel/trendy-panel/matt-cashmere-white,https://www.agtwood.com/medium/Product/Image/ff4d8019-7e3e-4031-b485-4616ee79f0de,,,,,,,,,,,,,,,,,,,,,,,,,,,,,,,,,,,,,,,,,,,
DB,agt,395 Trendy Picasso Gold,#B5985B,0.6923995741286184,0.0868121935455671,84.77100413015881,181,152,91,"[181, 152, 91]",0%,16%,50%,29%,"[0%, 16%, 50%, 29%]",64.50,5.34,36.14,"[64.50, 5.34, 36.14]",https://www.agtwood.com/products/panel/panel/trendy-panel/picasso-gold,https://www.agtwood.com/medium/Product/Image/7cc5535a-1f24-4ef3-afdc-b2a248fdfe93,,,,,,,,,,,,,,,,,,,,,,,,,,,,,,,,,,,,,,,,,,,
DB,agt,388 Trendy Toledo Light Wood,#886F59,0.5599194044177044,0.045366297036860674,63.04025729953088,136,111,89,"[136, 111, 89]",0%,18%,35%,47%,"[0%, 18%, 35%, 47%]",48.86,7.71,16.20,"[48.86, 7.71, 16.20]",https://www.agtwood.com/products/panel/panel/trendy-panel/toledo-light-wood,https://www.agtwood.com/medium/Product/Image/250c3e99-6b73-440c-bf8b-e68e34c6400b,,,,V2 (Straight Grain),T3 (Linear Grain),Textured Laminate,,,,,,,,,,,,,,,,,,,,,,,,,,,,,,,,,,,,,
DB,agt,6007 Trendy Ephesus White,#F8F7F1,0.9752518071359761,0.00803227551386045,98.75749169794943,248,247,241,"[248, 247, 241]",0%,0%,3%,3%,"[0%, 0%, 3%, 3%]",97.19,-0.43,3.03,"[97.19, -0.43, 3.03]",https://www.agtwood.com/products/panel/panel/trendy-panel/hg-ephesus-white,https://www.agtwood.com/medium/Product/Image/051566c9-af2e-450b-93db-6160a784abdc,,,,,,,,,,,,,,,,,,,,,,,,,,,,,,,,,,,,,,,,,,,
DB,agt,6019 Trendy Toros Black Marble,#262424,0.26248485360579005,0.0029939217799971043,17.505741938794813,38,36,36,"[38, 36, 36]",0%,5%,5%,85%,"[0%, 5%, 5%, 85%]",14.42,0.96,0.35,"[14.42, 0.96, 0.35]",https://www.agtwood.com/products/panel/panel/trendy-panel/hg-toros-black-marble,https://www.agtwood.com/medium/Product/Image/48585dcf-761e-4d3e-94d0-c09187ee7b19,,,,,,,,,,,,,,,,,,,,,,,,,,,,,,,,,,,,,,,,,,,
DB,agt,6018 Trendy Toros White Marble,#E3E3E3,0.9158324142315842,0.00003556805427074616,72.58924660581823,227,227,227,"[227, 227, 227]",0%,0%,0%,11%,"[0%, 0%, 0%, 11%]",90.24,0.00,0.01,"[90.24, 0.00, 0.01]",https://www.agtwood.com/products/panel/panel/trendy-panel/hg-toros-white-marble,https://www.agtwood.com/medium/Product/Image/773eca75-9a8e-4024-9d90-e92be9086c86,,,,,,,,,,,,,,,,,,,,,,,,,,,,,,,,,,,,,,,,,,,
DB,agt,389 Trendy Toledo Dark Wood,#3D3127,0.323263995065547,0.024373144381534057,61.59757562595138,61,49,39,"[61, 49, 39]",0%,20%,36%,76%,"[0%, 20%, 36%, 76%]",21.44,4.29,8.55,"[21.44, 4.29, 8.55]",https://www.agtwood.com/products/panel/panel/trendy-panel/toledo-dark-wood,https://www.agtwood.com/medium/Product/Image/17d30d60-0b57-47e7-96d9-5ce039810661,,,,V2 (Straight Grain),T3 (Linear Grain),Textured Laminate,,,,,,,,,,,,,,,,,,,,,,,,,,,,,,,,,,,,,
DB,agt,627 Trendy Milano Walnut,#6F552A,0.46683961750333225,0.06888399252714743,78.31599713563566,111,85,42,"[111, 85, 42]",0%,23%,62%,56%,"[0%, 23%, 62%, 56%]",38.18,7.20,29.00,"[38.18, 7.20, 29.00]",https://www.agtwood.com/products/panel/panel/trendy-panel/hg-milano-walnut,https://www.agtwood.com/medium/Product/Image/aac9544d-438f-48d2-a748-96b39a3cca66,,,,,,,,,,,,,,,,,,,,,,,,,,,,,,,,,,,,,,,,,,,
DB,agt,6002 Trendy New Black,#000003,0.0438083010679857,0.030356134940489783,264.0520298181906,0,0,3,"[0, 0, 3]",100%,100%,0%,99%,"[100%, 100%, 0%, 99%]",0.05,0.31,-1.14,"[0.05, 0.31, -1.14]",https://www.agtwood.com/products/panel/panel/trendy-panel/hg-new-black,https://www.agtwood.com/medium/Product/Image/55653f11-f3ba-44f4-8592-f7b59245229d,,,,,,,,,,,,,,,,,,,,,,,,,,,,,,,,,,,,,,,,,,,
DB,agt,6022 Trendy Anthracite,#282625,0.2703841887551517,0.003507887616978001,48.65859317257588,40,38,37,"[40, 38, 37]",0%,5%,7%,84%,"[0%, 5%, 7%, 84%]",15.35,0.78,1.02,"[15.35, 0.78, 1.02]",https://www.agtwood.com/products/panel/panel/trendy-panel/hg-anthracite,https://www.agtwood.com/medium/Product/Image/c177e323-09ee-416d-9b69-e6bfd7458755,,,,,,,,,,,,,,,,,,,,,,,,,,,,,,,,,,,,,,,,,,,
DB,agt,6017 Trendy Cool Gri,#515356,0.4414675990332717,0.0055194383385681655,258.35552565675255,81,83,86,"[81, 83, 86]",6%,3%,0%,66%,"[6%, 3%, 0%, 66%]",35.19,-0.34,-2.05,"[35.19, -0.34, -2.05]",https://www.agtwood.com/products/panel/panel/trendy-panel/hg-cool-gri,https://www.agtwood.com/medium/Product/Image/04ba52b4-8c13-44c2-9aae-e64e166399bf,,,,,,,,,,,,,,,,,,,,,,,,,,,,,,,,,,,,,,,,,,,
DB,agt,3032 Trendy Matt Stone Loft,#6A665F,0.5117353272805066,0.011968237083190529,81.75887545841562,106,102,95,"[106, 102, 95]",0%,4%,10%,58%,"[0%, 4%, 10%, 58%]",43.40,0.62,4.57,"[43.40, 0.62, 4.57]",https://www.agtwood.com/products/panel/panel/trendy-panel/matt-stone-loft,https://www.agtwood.com/medium/Product/Image/dcd55f2e-52c5-41ad-9e9f-28566d56497d,,,,,,,,,,,,,,,,,,,,,,,,,,,,,,,,,,,,,,,,,,,
DB,agt,878 Trendy New Vison,#A4947B,0.6738954722729246,0.040181791686679375,78.93858596282479,164,148,123,"[164, 148, 123]",0%,10%,25%,36%,"[0%, 10%, 25%, 36%]",62.25,3.14,15.56,"[62.25, 3.14, 15.56]",https://www.agtwood.com/products/panel/panel/trendy-panel/hg-new-vison,https://www.agtwood.com/medium/Product/Image/470cab7a-0963-456d-895b-6508cbd4c886,,,,,,,,,,,,,,,,,,,,,,,,,,,,,,,,,,,,,,,,,,,
DB,agt,623 Trendy Vison,#B7B29E,0.7621757037682295,0.028356714383963196,95.40501341694113,183,178,158,"[183, 178, 158]",0%,3%,14%,28%,"[0%, 3%, 14%, 28%]",72.58,-0.73,10.94,"[72.58, -0.73, 10.94]",https://www.agtwood.com/products/panel/panel/trendy-panel/hg-vison,https://www.agtwood.com/medium/Product/Image/b8d69250-1133-43c5-bc3d-09b545df9eaa,,,,,,,,,,,,,,,,,,,,,,,,,,,,,,,,,,,,,,,,,,,
DB,agt,699 Trendy Metallic White,#F0EEE0,0.9468673914360121,0.018704039123447924,100.07729509094031,240,238,224,"[240, 238, 224]",0%,1%,7%,6%,"[0%, 1%, 7%, 6%]",93.97,-1.08,7.06,"[93.97, -1.08, 7.06]",https://www.agtwood.com/products/panel/panel/trendy-panel/hg-metallic-white,https://www.agtwood.com/medium/Product/Image/80d2b3fa-4973-40f8-8b63-6311e7f8db03,,,,,,,,,,,,,,,,,,,,,,,,,,,,,,,,,,,,,,,,,,,
DB,agt,6021 Trendy Chrome Gray,#76817E,0.5931901138346293,0.013755103427233415,177.6197028548478,118,129,126,"[118, 129, 126]",9%,0%,2%,49%,"[9%, 0%, 2%, 49%]",52.99,-4.67,0.17,"[52.99, -4.67, 0.17]",https://www.agtwood.com/products/panel/panel/trendy-panel/hg-chrome-gray,https://www.agtwood.com/medium/Product/Image/0db773a2-31a0-466c-a93f-d5aa83f54c9c,,,,,,,,,,,,,,,,,,,,,,,,,,,,,,,,,,,,,,,,,,,
DB,agt,6008 Trendy Deluxe Gray,#D7CEC3,0.8556165084228888,0.01808425592624543,73.04617347958754,215,206,195,"[215, 206, 195]",0%,4%,9%,16%,"[0%, 4%, 9%, 16%]",83.27,1.83,6.67,"[83.27, 1.83, 6.67]",https://www.agtwood.com/products/panel/panel/trendy-panel/hg-deluxe-gray,https://www.agtwood.com/medium/Product/Image/f6ca9f89-ade1-4ad6-8f31-bcdb5c2bca3c,,,,,,,,,,,,,,,,,,,,,,,,,,,,,,,,,,,,,,,,,,,
DB,agt,605 Trendy Cream,#FDF7EB,0.9775301610558659,0.017118305418466647,84.5568892841996,253,247,235,"[253, 247, 235]",0%,2%,7%,1%,"[0%, 2%, 7%, 1%]",97.46,0.57,6.55,"[97.46, 0.57, 6.55]",https://www.agtwood.com/products/panel/panel/trendy-panel/hg-cream,https://www.agtwood.com/medium/Product/Image/10ea73d3-ff63-48d2-9d49-e2f2125f5d96,,,,,,,,,,,,,,,,,,,,,,,,,,,,,,,,,,,,,,,,,,,
DB,agt,647 Trendy Bianco,#FFFBE9,0.9863724068406382,0.023982627207661915,96.52142590793267,255,251,233,"[255, 251, 233]",0%,2%,9%,0%,"[0%, 2%, 9%, 0%]",98.57,-0.86,9.17,"[98.57, -0.86, 9.17]",https://www.agtwood.com/products/panel/panel/trendy-panel/hg-bianco,https://www.agtwood.com/medium/Product/Image/1e3ccf60-8ba6-4af7-8d3d-06ba8b14917f,,,,,,,,,,,,,,,,,,,,,,,,,,,,,,,,,,,,,,,,,,,
DB,agt,723 Trendy Black,#000001,0.03037497945563484,0.021047768406697823,264.0520298181905,0,0,1,"[0, 0, 1]",100%,100%,0%,100%,"[100%, 100%, 0%, 100%]",0.02,0.10,-0.38,"[0.02, 0.10, -0.38]",https://www.agtwood.com/products/panel/panel/trendy-panel/soft-touch-black,https://www.agtwood.com/medium/Product/Image/70141ed1-1bd8-43a1-a524-b3a88e57daae,,,,,,,,,,,,,,,,,,,,,,,,,,,,,,,,,,,,,,,,,,,
DB,agt,726 Trendy Storm Gray,#48544C,0.43274890014198414,0.019993276101916202,156.24689845490673,72,84,76,"[72, 84, 76]",14%,0%,10%,67%,"[14%, 0%, 10%, 67%]",34.47,-6.27,3.03,"[34.47, -6.27, 3.03]",https://www.agtwood.com/products/panel/panel/trendy-panel/soft-touch-storm-gray,https://www.agtwood.com/medium/Product/Image/96cb5fb7-ac68-431b-8536-b5c986580a00,,,,,,,,,,,,,,,,,,,,,,,,,,,,,,,,,,,,,,,,,,,
DB,agt,728 Trendy Rock Gray,#868776,0.6176123974359803,0.024905451254616618,109.82139093610664,134,135,118,"[134, 135, 118]",1%,0%,13%,47%,"[1%, 0%, 13%, 47%]",55.86,-2.74,9.06,"[55.86, -2.74, 9.06]",https://www.agtwood.com/products/panel/panel/trendy-panel/soft-touch-rock-gray,https://www.agtwood.com/medium/Product/Image/f4b8af8b-7d67-4f34-a8ba-b35fdee5f6c5,,,,,,,,,,,,,,,,,,,,,,,,,,,,,,,,,,,,,,,,,,,
DB,agt,736 Trendy Ocean Blue,#2A3B4C,0.3451734112220371,0.03722401366810785,248.9460858223,42,59,76,"[42, 59, 76]",45%,22%,0%,70%,"[45%, 22%, 0%, 70%]",23.96,-3.18,-12.76,"[23.96, -3.18, -12.76]",https://www.agtwood.com/products/panel/panel/trendy-panel/soft-touch-ocean-blue,https://www.agtwood.com/medium/Product/Image/fc6f15a3-9ffc-4157-8201-25ba79a803aa,,,,,,,,,,,,,,,,,,,,,,,,,,,,,,,,,,,,,,,,,,,
DB,agt,735 Trendy Relax Green,#A5C6B9,0.7985251368402556,0.039868229042838474,169.4171528848044,165,198,185,"[165, 198, 185]",17%,0%,7%,22%,"[17%, 0%, 7%, 22%]",77.16,-13.43,2.67,"[77.16, -13.43, 2.67]",https://www.agtwood.com/products/panel/panel/trendy-panel/soft-touch-relax-green,https://www.agtwood.com/medium/Product/Image/b18ba9f8-beee-4b14-8b10-e6d855c3da5f,,,,,,,,,,,,,,,,,,,,,,,,,,,,,,,,,,,,,,,,,,,
DB,agt,732 Trendy Vison,#BFA78D,0.7425010765660625,0.04569361685005769,69.27248794863601,191,167,141,"[191, 167, 141]",0%,13%,26%,25%,"[0%, 13%, 26%, 25%]",70.11,6.07,16.90,"[70.11, 6.07, 16.90]",https://www.agtwood.com/products/panel/panel/trendy-panel/soft-touch-vison,https://www.agtwood.com/medium/Product/Image/ff4ab04b-e11b-4173-b25b-9c48c5a0ef3e,,,,,,,,,,,,,,,,,,,,,,,,,,,,,,,,,,,,,,,,,,,
DB,agt,729 Trendy New Gray,#C1BDA4,0.7948780938265929,0.03453831621644224,99.62580330501294,193,189,164,"[193, 189, 164]",0%,2%,15%,24%,"[0%, 2%, 15%, 24%]",76.43,-1.70,13.24,"[76.43, -1.70, 13.24]",https://www.agtwood.com/products/panel/panel/trendy-panel/soft-touch-new-gray,https://www.agtwood.com/medium/Product/Image/80a51a8d-bd2e-4fe3-b94f-6fbf0fd551e0,,,,,,,,,,,,,,,,,,,,,,,,,,,,,,,,,,,,,,,,,,,
DB,agt,730 Trendy Cream,#E1E0D0,0.9031218228362603,0.021466764918339626,103.86337066473487,225,224,208,"[225, 224, 208]",0%,0%,8%,12%,"[0%, 0%, 8%, 12%]",88.93,-1.70,8.00,"[88.93, -1.70, 8.00]",https://www.agtwood.com/products/panel/panel/trendy-panel/soft-touch-cream,https://www.agtwood.com/medium/Product/Image/8149b06c-0d69-4b17-a12a-0c2c996672d3,,,,,,,,,,,,,,,,,,,,,,,,,,,,,,,,,,,,,,,,,,,
DB,agt,734 Trendy White,#F4F4F4,0.9671542991978017,0.000037561235076910325,72.58924660548928,244,244,244,"[244, 244, 244]",0%,0%,0%,4%,"[0%, 0%, 0%, 4%]",96.19,0.00,0.01,"[96.19, 0.00, 0.01]",https://www.agtwood.com/products/panel/panel/trendy-panel/soft-touch-white,https://www.agtwood.com/medium/Product/Image/c32d16e8-2a02-472e-b9ad-c182b295f760,,,,,,,,,,,,,,,,,,,,,,,,,,,,,,,,,,,,,,,,,,,
DB,agt,390 Trendy Matt Stone Gray,#A9B29C,0.7502737337525014,0.03239601595629013,125.3068821667369,169,178,156,"[169, 178, 156]",5%,0%,12%,30%,"[5%, 0%, 12%, 30%]",71.39,-6.27,10.17,"[71.39, -6.27, 10.17]",https://www.agtwood.com/products/panel/panel/trendy-panel/matt-stone-gray,https://www.agtwood.com/medium/Product/Image/23101654-604f-4c82-ad6e-b5cdeae0e290,,,,,,,,,,,,,,,,,,,,,,,,,,,,,,,,,,,,,,,,,,,
DB,agt,391 Trendy Matt Stone Beige,#D4D6BE,0.868079269707958,0.032376790622786186,110.90035496672687,212,214,190,"[212, 214, 190]",1%,0%,11%,16%,"[1%, 0%, 11%, 16%]",84.98,-3.78,11.67,"[84.98, -3.78, 11.67]",https://www.agtwood.com/products/panel/panel/trendy-panel/matt-stone-beige,https://www.agtwood.com/medium/Product/Image/58623839-ab8c-4ca7-9e47-82b4b5927137,,,,,,,,,,,,,,,,,,,,,,,,,,,,,,,,,,,,,,,,,,,
DB,agt,601 Trendy White,#F8F8F8,0.9791303691030652,0.00003802634801430515,72.58924660577964,248,248,248,"[248, 248, 248]",0%,0%,0%,3%,"[0%, 0%, 0%, 3%]",97.58,0.00,0.01,"[97.58, 0.00, 0.01]",https://www.agtwood.com/products/panel/panel/trendy-panel/hg-white,https://www.agtwood.com/medium/Product/Image/c98acace-661c-4201-abbd-b6c874a15c95,,,,,,,,,,,,,,,,,,,,,,,,,,,,,,,,,,,,,,,,,,,
DB,agt,3038 Trendy Vermont Oak,#403934,0.35015044104458415,0.013050788313619666,57.85237431473848,64,57,52,"[64, 57, 52]",0%,11%,19%,75%,"[0%, 11%, 19%, 75%]",24.58,2.42,4.31,"[24.58, 2.42, 4.31]",https://www.agtwood.com/products/panel/panel/trendy-panel/vermont-oak,https://www.agtwood.com/medium/Product/Image/699a7edb-d78e-43fd-9add-84effb1054ba,,,,,,,,,,,,,,,,,,,,,,,,,,,,,,,,,,,,,,,,,,,
DB,agt,3037 Trendy Texas Oak,#5C483B,0.41893039991791226,0.034456322600097934,54.58288679865905,92,72,59,"[92, 72, 59]",0%,22%,36%,64%,"[0%, 22%, 36%, 64%]",32.46,7.24,11.24,"[32.46, 7.24, 11.24]",https://www.agtwood.com/products/panel/panel/trendy-panel/texas-oak,https://www.agtwood.com/medium/Product/Image/4284324a-c57c-49a7-a45d-fb0542a3561f,,,,,,,,,,,,,,,,,,,,,,,,,,,,,,,,,,,,,,,,,,,
DB,agt,739 Trendy Yellow,#F7BA16,0.8227086992217973,0.16541633536319042,84.05296761244153,247,186,22,"[247, 186, 22]",0%,25%,91%,3%,"[0%, 25%, 91%, 3%]",79.58,13.89,78.47,"[79.58, 13.89, 78.47]",https://www.agtwood.com/products/panel/panel/trendy-panel/soft-touch-yellow,https://www.agtwood.com/medium/Product/Image/3d5b0f91-f6dc-4d45-94f0-a9f00cdede1b,,,,,,,,,,,,,,,,,,,,,,,,,,,,,,,,,,,,,,,,,,,
DB,agt,3041 Trendy Peru Oak,#896B46,0.5485928479477588,0.0647773901086286,71.64249370459271,137,107,70,"[137, 107, 70]",0%,22%,49%,46%,"[0%, 22%, 49%, 46%]",47.60,8.69,25.49,"[47.60, 8.69, 25.49]",https://www.agtwood.com/products/panel/panel/trendy-panel/peru-oak,https://www.agtwood.com/medium/Product/Image/3885efac-a042-422a-9746-34ecf5630875,,,,,,,,,,,,,,,,,,,,,,,,,,,,,,,,,,,,,,,,,,,
DB,agt,3040 Trendy Orlando Oak,#B0ABAA,0.7450625097108796,0.005952144690061549,31.239054255447684,176,171,170,"[176, 171, 170]",0%,3%,3%,31%,"[0%, 3%, 3%, 31%]",70.38,1.71,1.19,"[70.38, 1.71, 1.19]",https://www.agtwood.com/products/panel/panel/trendy-panel/orlando-oak,https://www.agtwood.com/medium/Product/Image/15703cbc-3c71-4ffc-bb4a-7cb99dc34b86,,,,,,,,,,,,,,,,,,,,,,,,,,,,,,,,,,,,,,,,,,,
DB,agt,6020 Trendy Trend Gray,#CED0C7,0.853497506403125,0.012462422479692798,116.7405993898185,206,208,199,"[206, 208, 199]",1%,0%,4%,18%,"[1%, 0%, 4%, 18%]",83.13,-1.91,4.24,"[83.13, -1.91, 4.24]",https://www.agtwood.com/products/panel/panel/trendy-panel/hg-trend-gray,https://www.agtwood.com/medium/Product/Image/75a61401-f02d-45ea-be20-2179ac112bfd,,,,,,,,,,,,,,,,,,,,,,,,,,,,,,,,,,,,,,,,,,,
DB,agt,3039 Trendy Delphi Oak,#CFA783,0.7557577915996639,0.06792411296548426,63.50051962294219,207,167,131,"[207, 167, 131]",0%,19%,37%,19%,"[0%, 19%, 37%, 19%]",71.53,11.53,24.52,"[71.53, 11.53, 24.52]",https://www.agtwood.com/products/panel/panel/trendy-panel/delphi-oak,https://www.agtwood.com/medium/Product/Image/f694c4c8-4e5e-4c22-b7b5-98378d4ceaa8,,,,,,,,,,,,,,,,,,,,,,,,,,,,,,,,,,,,,,,,,,,
DB,agt,3043 Trendy Alaska Oak,#E6E9E6,0.9308835510839408,0.005132541511925487,145.15427280525887,230,233,230,"[230, 233, 230]",1%,0%,1%,9%,"[1%, 0%, 1%, 9%]",92.05,-1.44,1.10,"[92.05, -1.44, 1.10]",https://www.agtwood.com/products/panel/panel/trendy-panel/alaska-oak,https://www.agtwood.com/medium/Product/Image/da341c4c-fb59-43a4-b68c-aeb3938ce9bd,,,,,,,,,,,,,,,,,,,,,,,,,,,,,,,,,,,,,,,,,,,
DB,agt,3042 Trendy Akra Oak,#67635A,0.5005709607555298,0.01485393229277399,86.85540918218766,103,99,90,"[103, 99, 90]",0%,4%,13%,60%,"[0%, 4%, 13%, 60%]",42.13,0.35,5.74,"[42.13, 0.35, 5.74]",https://www.agtwood.com/products/panel/panel/trendy-panel/akra-oak,https://www.agtwood.com/medium/Product/Image/0a45ef2c-bd6d-4857-bd9e-4a63695df3e9,,,,,,,,,,,,,,,,,,,,,,,,,,,,,,,,,,,,,,,,,,,
DB,agt,LB-8010 3D Wall Covering LUXIA,#6D6D6D,0.5347626124623134,0.00002076850013873132,72.58924660500782,109,109,109,"[109, 109, 109]",0%,0%,0%,57%,"[0%, 0%, 0%, 57%]",46.03,0.00,0.01,"[46.03, 0.00, 0.01]",https://www.agtwood.com/products/panel/3d-wall-covering/decorative-wall-covering/lb-8010,https://www.agtwood.com/medium/Product/Image/e058acc9-4bb4-4905-bef6-6799afee1128,,,,,,,,,,,,,,,,,,,,,,,,,,,,,,,,,,,,,,,,,,,
DB,agt,LB-8020 3D Wall Covering LUXIA,#636363,0.4996960884608485,0.000019406626493152068,72.58924660517641,99,99,99,"[99, 99, 99]",0%,0%,0%,61%,"[0%, 0%, 0%, 61%]",41.96,0.00,0.01,"[41.96, 0.00, 0.01]",https://www.agtwood.com/products/panel/3d-wall-covering/decorative-wall-covering/lb-8020,https://www.agtwood.com/medium/Product/Image/e6405815-0987-49f9-af45-b2aea8a66381,,,,,,,,,,,,,,,,,,,,,,,,,,,,,,,,,,,,,,,,,,,
DB,agt,LB-8030 3D Wall Covering LUXIA,#727272,0.5520801913325017,0.00002144106050628307,72.58924660546131,114,114,114,"[114, 114, 114]",0%,0%,0%,55%,"[0%, 0%, 0%, 55%]",48.04,0.00,0.01,"[48.04, 0.00, 0.01]",https://www.agtwood.com/products/panel/3d-wall-covering/decorative-wall-covering/lb-8030,https://www.agtwood.com/medium/Product/Image/cc247cac-8c1b-4074-b94c-f9c0aac4f7e3,,,,,,,,,,,,,,,,,,,,,,,,,,,,,,,,,,,,,,,,,,,
DB,agt,LB-8000 3D Wall Covering PANART,#6F6251,0.5036516076527265,0.030815989824063736,74.40181200422103,111,98,81,"[111, 98, 81]",0%,12%,27%,56%,"[0%, 12%, 27%, 56%]",42.45,3.22,11.73,"[42.45, 3.22, 11.73]",https://www.agtwood.com/products/panel/3d-wall-covering/decorative-wall-covering/panart,https://www.agtwood.com/medium/Product/Image/c231d406-4fce-43fc-aa46-072b9b24d734,,,,,,,,,,,,,,,,,,,,,,,,,,,,,,,,,,,,,,,,,,,
DB,agt,LB-6680 3D Wall Covering LB-6680,#AFAFAE,0.7537207477942629,0.001434253481510254,105.78292685696096,175,175,174,"[175, 175, 174]",0%,0%,1%,31%,"[0%, 0%, 1%, 31%]",71.44,-0.14,0.52,"[71.44, -0.14, 0.52]",https://www.agtwood.com/products/panel/3d-wall-covering/decorative-wall-covering/lb-6680,https://www.agtwood.com/medium/Product/Image/b16fc925-9528-49ef-be90-f0ed5fa15ec5,,,,,,,,,,,,,,,,,,,,,,,,,,,,,,,,,,,,,,,,,,,
DB,agt,LB-3671 3D Wall Covering Lineer Arte,#868687,0.6203755342996847,0.0014619379544863124,286.8820381882067,134,134,135,"[134, 134, 135]",1%,1%,0%,47%,"[1%, 1%, 0%, 47%]",55.95,0.15,-0.53,"[55.95, 0.15, -0.53]",https://www.agtwood.com/products/panel/3d-wall-covering/decorative-wall-covering/lineer-arte-lb-3671,https://www.agtwood.com/medium/Product/Image/50472339-19e8-432d-8941-384a0b5251ca,,,,,,,,,,,,,,,,,,,,,,,,,,,,,,,,,,,,,,,,,,,
DB,agt,LB 3771-Y 3D Wall Covering LB 3771-Y,#989490,0.6687397771821934,0.007538364477630043,67.7089641243258,152,148,144,"[152, 148, 144]",0%,3%,5%,40%,"[0%, 3%, 5%, 40%]",61.57,0.96,2.68,"[61.57, 0.96, 2.68]",https://www.agtwood.com/products/panel/3d-wall-covering/decorative-wall-covering/lb-3771-y,https://www.agtwood.com/medium/Product/Image/97127c69-dbe5-411f-8594-445d0d45ddf1,,,,,,,,,,,,,,,,,,,,,,,,,,,,,,,,,,,,,,,,,,,
DB,agt,LB-2200-M 3D Wall Covering LB-2200-M,#9C9C9D,0.6930558489808981,0.0014190107443188009,286.9669639756148,156,156,157,"[156, 156, 157]",1%,1%,0%,38%,"[1%, 1%, 0%, 38%]",64.38,0.15,-0.51,"[64.38, 0.15, -0.51]",https://www.agtwood.com/products/panel/3d-wall-covering/decorative-wall-covering/lb-2200-m,https://www.agtwood.com/medium/Product/Image/7da1e1fa-7572-49f3-baa1-805d3c34b82c,,,,,,,,,,,,,,,,,,,,,,,,,,,,,,,,,,,,,,,,,,,
DB,agt,LB 3771 3D Wall Covering LB 3771,#909091,0.6536620244904425,0.001441575320717088,286.9207948601387,144,144,145,"[144, 144, 145]",1%,1%,0%,43%,"[1%, 1%, 0%, 43%]",59.81,0.15,-0.52,"[59.81, 0.15, -0.52]",https://www.agtwood.com/products/panel/3d-wall-covering/decorative-wall-covering/lb-3771,https://www.agtwood.com/medium/Product/Image/1e8f4f32-788c-494f-b32b-7c91eff23a71,,,,,,,,,,,,,,,,,,,,,,,,,,,,,,,,,,,,,,,,,,,
DB,agt,LB-2200-Y 3D Wall Covering LB-2200-Y,#BBBBBB,0.792075160353019,0.00003076171126085153,72.58924660522251,187,187,187,"[187, 187, 187]",0%,0%,0%,27%,"[0%, 0%, 0%, 27%]",75.88,0.00,0.01,"[75.88, 0.00, 0.01]",https://www.agtwood.com/products/panel/3d-wall-covering/decorative-wall-covering/lb-2200-y,https://www.agtwood.com/medium/Product/Image/cdcecf39-70b7-4120-a989-9c4909a478bd,,,,,,,,,,,,,,,,,,,,,,,,,,,,,,,,,,,,,,,,,,,
DB,agt,MP-7057 3D Wall Covering MP-7057,#989798,0.6775481544511294,0.0018417124328161472,326.3852067161164,152,151,152,"[152, 151, 152]",0%,1%,0%,40%,"[0%, 1%, 0%, 40%]",62.57,0.52,-0.38,"[62.57, 0.52, -0.38]",https://www.agtwood.com/products/panel/3d-wall-covering/decorative-wall-covering/mp-7057,https://www.agtwood.com/medium/Product/Image/2084c168-ffbb-45dd-a9e7-34cf761d9c0b,,,,,,,,,,,,,,,,,,,,,,,,,,,,,,,,,,,,,,,,,,,
DB,agt,LB-2050 3D Wall Covering LB-2050,#A39F9B,0.7046694874745929,0.007442442509647879,67.71807509855091,163,159,155,"[163, 159, 155]",0%,2%,5%,36%,"[0%, 2%, 5%, 36%]",65.74,0.95,2.64,"[65.74, 0.95, 2.64]",https://www.agtwood.com/products/panel/3d-wall-covering/decorative-wall-covering/lb-2050,https://www.agtwood.com/medium/Product/Image/568e063e-aafb-4385-a593-d42a9aa7b709,,,,,,,,,,,,,,,,,,,,,,,,,,,,,,,,,,,,,,,,,,,
DB,agt,LB-3783 3D Wall Covering LB-3783,#818081,0.6010509828300619,0.0018988033612985398,326.27924994655996,129,128,129,"[129, 128, 129]",0%,1%,0%,49%,"[0%, 1%, 0%, 49%]",53.70,0.54,-0.40,"[53.70, 0.54, -0.40]",https://www.agtwood.com/products/panel/3d-wall-covering/decorative-wall-covering/lb-3783,https://www.agtwood.com/medium/Product/Image/cf140364-fe50-4a16-b9ab-0b4b78008b7c,,,,,,,,,,,,,,,,,,,,,,,,,,,,,,,,,,,,,,,,,,,
DB,agt,LB-2250 3D Wall Covering LB-2250,#A1A1A2,0.7093042815178365,0.00141014179975812,286.9861132659204,161,161,162,"[161, 161, 162]",1%,1%,0%,36%,"[1%, 1%, 0%, 36%]",66.27,0.15,-0.51,"[66.27, 0.15, -0.51]",https://www.agtwood.com/products/panel/3d-wall-covering/decorative-wall-covering/lb-2250,https://www.agtwood.com/medium/Product/Image/69fa25e7-f3aa-491b-9973-fd49d4489861,,,,,,,,,,,,,,,,,,,,,,,,,,,,,,,,,,,,,,,,,,,
DB,agt,LB 6500 3D Wall Covering LB 6500,#C3B7A9,0.7855239175818594,0.023815113642627412,71.71623456172489,195,183,169,"[195, 183, 169]",0%,6%,13%,24%,"[0%, 6%, 13%, 24%]",75.14,2.64,8.77,"[75.14, 2.64, 8.77]",https://www.agtwood.com/products/panel/3d-wall-covering/decorative-wall-covering/lb-6500,https://www.agtwood.com/medium/Product/Image/03f69093-23b5-4a1b-9a73-77974a39b3ce,,,,,,,,,,,,,,,,,,,,,,,,,,,,,,,,,,,,,,,,,,,
DB,agt,LB-3786 3D Wall Covering LB-3786,#848485,0.6136650751129785,0.00146620064706311,286.8742496476875,132,132,133,"[132, 132, 133]",1%,1%,0%,48%,"[1%, 1%, 0%, 48%]",55.17,0.15,-0.53,"[55.17, 0.15, -0.53]",https://www.agtwood.com/products/panel/3d-wall-covering/decorative-wall-covering/lb-3786,https://www.agtwood.com/medium/Product/Image/4cd6baf7-bcd0-423f-8354-5e54b04afe44,,,,,,,,,,,,,,,,,,,,,,,,,,,,,,,,,,,,,,,,,,,
DB,agt,LB-3821 3D Wall Covering LB-3821,#A19990,0.6871577156956954,0.016060358839839986,70.80549719276155,161,153,144,"[161, 153, 144]",0%,5%,11%,37%,"[0%, 5%, 11%, 37%]",63.72,1.83,5.86,"[63.72, 1.83, 5.86]",https://www.agtwood.com/products/panel/3d-wall-covering/decorative-wall-covering/lb-3821,https://www.agtwood.com/medium/Product/Image/dcb3a481-260a-4d37-a3fa-ed3f0f295bfb,,,,,,,,,,,,,,,,,,,,,,,,,,,,,,,,,,,,,,,,,,,
DB,agt,LB-2003 3D Wall Covering LB-2003,#959596,0.6701463138544335,0.0014319422095271732,286.94007169653787,149,149,150,"[149, 149, 150]",1%,1%,0%,41%,"[1%, 1%, 0%, 41%]",61.72,0.15,-0.52,"[61.72, 0.15, -0.52]",https://www.agtwood.com/products/panel/3d-wall-covering/decorative-wall-covering/lb-2003,https://www.agtwood.com/medium/Product/Image/637fad68-3430-41c1-9145-3a8cf8956ab3,,,,,,,,,,,,,,,,,,,,,,,,,,,,,,,,,,,,,,,,,,,
DB,agt,AP-6011 3D Wall Covering ECHOART,#80705E,0.5550563382440156,0.03353971169161162,70.33854719194352,128,112,94,"[128, 112, 94]",0%,13%,27%,50%,"[0%, 13%, 27%, 50%]",48.38,4.25,12.48,"[48.38, 4.25, 12.48]",https://www.agtwood.com/products/panel/3d-wall-covering/acoustic-wall-covering/echoart,https://www.agtwood.com/medium/Product/Image/dbe6e3c9-52d7-4066-a415-f692ab64f9e5,,,,,,,,,,,,,,,,,,,,,,,,,,,,,,,,,,,,,,,,,,,
DB,agt,AP-6019 3D Wall Covering ECHOART,#8B7056,0.5645495092608376,0.051023030715645526,65.41095692229686,139,112,86,"[139, 112, 86]",0%,19%,38%,45%,"[0%, 19%, 38%, 45%]",49.40,8.17,18.73,"[49.40, 8.17, 18.73]",https://www.agtwood.com/products/panel/3d-wall-covering/acoustic-wall-covering/acoustic,https://www.agtwood.com/medium/Product/Image/0e65a336-9ee6-430c-8945-934adc5181e9,,,,,,,,,,,,,,,,,,,,,,,,,,,,,,,,,,,,,,,,,,,
DB,agt,5014 3D Wall Covering LB-5014 Acoustic,#9C9C9E,0.6933639108958187,0.00286152603651732,286.62445249309746,156,156,158,"[156, 156, 158]",1%,1%,0%,38%,"[1%, 1%, 0%, 38%]",64.41,0.29,-1.04,"[64.41, 0.29, -1.04]",https://www.agtwood.com/products/panel/3d-wall-covering/acoustic-wall-covering/lb-5014-acoustic,https://www.agtwood.com/medium/Product/Image/2e89ac61-0687-4953-9972-40b1f0546826,,,,,,,,,,,,,,,,,,,,,,,,,,,,,,,,,,,,,,,,,,,
DB,agt,L172 MDF Lam Crossbrushed Metal,#9FA1A0,0.7070559673848127,0.0026994474740280796,164.46555958979775,159,161,160,"[159, 161, 160]",1%,0%,1%,37%,"[1%, 0%, 1%, 37%]",66.05,-0.88,0.27,"[66.05, -0.88, 0.27]",https://www.agtwood.com/products/panel/mdf-lam/crossbrushed-metal,https://www.agtwood.com/medium/Product/Image/f49f28de-f98f-4be9-97f5-3a6db02b2f89,,,,,,,,,,,,,,,,,,,,,,,,,,,,,,,,,,,,,,,,,,,
DB,agt,L171 MDF Lam Travertine Ivory,#C9BCA7,0.800330921920091,0.032384999525402115,79.87899562717575,201,188,167,"[201, 188, 167]",0%,6%,17%,21%,"[0%, 6%, 17%, 21%]",76.91,2.18,12.42,"[76.91, 2.18, 12.42]",https://www.agtwood.com/products/panel/mdf-lam/travertine-ivory,https://www.agtwood.com/medium/Product/Image/ed616897-2b02-4200-a628-83ce090d8e27,,,,,,,,,,,,,,,,,,,,,,,,,,,,,,,,,,,,,,,,,,,
DB,agt,L170 MDF Lam Mist White,#D0D1D2,0.8602003116665987,0.001731309888142415,247.74581830761088,208,209,210,"[208, 209, 210]",1%,0%,0%,18%,"[1%, 0%, 0%, 18%]",83.78,-0.21,-0.61,"[83.78, -0.21, -0.61]",https://www.agtwood.com/products/panel/mdf-lam/mist-white,https://www.agtwood.com/medium/Product/Image/b132f00c-2482-4c55-9bbc-3352f2ef6c38,,,,,,,,,,,,,,,,,,,,,,,,,,,,,,,,,,,,,,,,,,,
DB,agt,L169 MDF Lam Smoky Blue,#4C6880,0.504898012630027,0.05061582694323835,244.8966862692356,76,104,128,"[76, 104, 128]",41%,19%,0%,50%,"[41%, 19%, 0%, 50%]",42.52,-5.63,-16.89,"[42.52, -5.63, -16.89]",https://www.agtwood.com/products/panel/mdf-lam/smoky-blue,https://www.agtwood.com/medium/Product/Image/669059c1-ae09-49fa-9330-f5bdd889cfc6,,,,,,,,,,,,,,,,,,,,,,,,,,,,,,,,,,,,,,,,,,,
DB,agt,L168 MDF Lam Olive Stone,#4C656A,0.4885951612102128,0.0307061199073,211.2089498872607,76,101,106,"[76, 101, 106]",28%,5%,0%,58%,"[28%, 5%, 0%, 58%]",40.91,-8.65,-6.03,"[40.91, -8.65, -6.03]",https://www.agtwood.com/products/panel/mdf-lam/olive-stone,https://www.agtwood.com/medium/Product/Image/0cf67ecb-8189-443a-a8c6-d8e4343b9ba0,,,,,,,,,,,,,,,,,,,,,,,,,,,,,,,,,,,,,,,,,,,
DB,agt,L165 MDF Lam Arden Oak,#DDC192,0.8234893553371403,0.0696189487149775,80.37429086435156,221,193,146,"[221, 193, 146]",0%,13%,34%,13%,"[0%, 13%, 34%, 13%]",79.65,5.34,27.59,"[79.65, 5.34, 27.59]",https://www.agtwood.com/products/panel/mdf-lam/arden-oak,https://www.agtwood.com/medium/Product/Image/c5238f24-5815-4904-af92-3433c70e1e13,,,,,,,,,,,,,,,,,,,,,,,,,,,,,,,,,,,,,,,,,,,
DB,agt,L163 MDF Lam Arkansas Oak,#CEA888,0.7577754051660878,0.06259376057574007,61.75992072593664,206,168,136,"[206, 168, 136]",0%,18%,34%,19%,"[0%, 18%, 34%, 19%]",71.76,11.06,22.12,"[71.76, 11.06, 22.12]",https://www.agtwood.com/products/panel/mdf-lam/arkansas-oak,https://www.agtwood.com/medium/Product/Image/beb5d7fd-f353-45d4-a510-0335932f49e6,,,,,,,,,,,,,,,,,,,,,,,,,,,,,,,,,,,,,,,,,,,
DB,agt,L161 MDF Lam Toronto Oak,#897964,0.5850020145931119,0.03660453936163357,74.48019397199471,137,121,100,"[137, 121, 100]",0%,12%,27%,46%,"[0%, 12%, 27%, 46%]",51.89,3.82,13.95,"[51.89, 3.82, 13.95]",https://www.agtwood.com/products/panel/mdf-lam/toronto-oak,https://www.agtwood.com/medium/Product/Image/3fdfc7f1-2338-418f-a3f6-2ed675285f71,,,,,,,,,,,,,,,,,,,,,,,,,,,,,,,,,,,,,,,,,,,
DB,agt,L164 MDF Lam Terra Oak,#704D2C,0.45109009967925023,0.06716705490389752,63.056881531043416,112,77,44,"[112, 77, 44]",0%,31%,61%,56%,"[0%, 31%, 61%, 56%]",36.13,12.40,25.57,"[36.13, 12.40, 25.57]",https://www.agtwood.com/products/panel/mdf-lam/terra-oak,https://www.agtwood.com/medium/Product/Image/e195a7e1-3336-4365-b1c4-ccb268c65753,,,,,,,,,,,,,,,,,,,,,,,,,,,,,,,,,,,,,,,,,,,
DB,agt,L162 MDF Lam Denver Oak,#5C493A,0.420933496416324,0.03521904296260615,59.91689473418262,92,73,58,"[92, 73, 58]",0%,21%,37%,64%,"[0%, 21%, 37%, 64%]",32.73,6.55,12.23,"[32.73, 6.55, 12.23]",https://www.agtwood.com/products/panel/mdf-lam/denver-oak,https://www.agtwood.com/medium/Product/Image/5d32fefe-fc65-4082-84c6-db22a8ca8e42,,,,,,,,,,,,,,,,,,,,,,,,,,,,,,,,,,,,,,,,,,,
DB,agt,L160 MDF Lam Costa Oak,#876841,0.5391233188389909,0.06764785829855727,71.9510949617133,135,104,65,"[135, 104, 65]",0%,23%,52%,47%,"[0%, 23%, 52%, 47%]",46.49,9.08,26.87,"[46.49, 9.08, 26.87]",https://www.agtwood.com/products/panel/mdf-lam/costa-oak,https://www.agtwood.com/medium/Product/Image/1fbb1a0c-7c18-48bc-8799-24e87bddff31,,,,,,,,,,,,,,,,,,,,,,,,,,,,,,,,,,,,,,,,,,,
DB,agt,L004 MDF Lam Anthracite,#696D70,0.5322786887062366,0.0067866505389942815,239.86968149819688,105,109,112,"[105, 109, 112]",6%,3%,0%,56%,"[6%, 3%, 0%, 56%]",45.75,-1.11,-2.23,"[45.75, -1.11, -2.23]",https://www.agtwood.com/products/panel/mdf-lam/anthracite,https://www.agtwood.com/medium/Product/Image/fc8b0332-d9d7-4d98-9430-3de3ba954e2a,,,,,,,,,,,,,,,,,,,,,,,,,,,,,,,,,,,,,,,,,,,
DB,agt,L152 MDF Lam Cappadocia Cream,#ABA7A7,0.73169103969384,0.00462338672551792,17.550382902526735,171,167,167,"[171, 167, 167]",0%,2%,2%,33%,"[0%, 2%, 2%, 33%]",68.83,1.49,0.55,"[68.83, 1.49, 0.55]",https://www.agtwood.com/products/panel/mdf-lam/cappadocia-cream,https://www.agtwood.com/medium/Product/Image/c3017c13-3637-416b-8058-84675a925b07,,,,,,,,,,,,,,,,,,,,,,,,,,,,,,,,,,,,,,,,,,,
DB,agt,L151 MDF Lam Jazz Grey,#95989D,0.6787714428770799,0.008081587837579927,260.7537414995609,149,152,157,"[149, 152, 157]",5%,3%,0%,38%,"[5%, 3%, 0%, 38%]",62.71,-0.38,-3.02,"[62.71, -0.38, -3.02]",https://www.agtwood.com/products/panel/mdf-lam/jazz-grey,https://www.agtwood.com/medium/Product/Image/3e29c127-dfc5-4b62-bd4f-9f674e5efeca,,,,,,,,,,,,,,,,,,,,,,,,,,,,,,,,,,,,,,,,,,,
DB,agt,L156 Soft Touch Mint,#525955,0.4564446402930019,0.010918699323201976,160.90686200555,82,89,85,"[82, 89, 85]",8%,0%,4%,65%,"[8%, 0%, 4%, 65%]",37.10,-3.52,1.33,"[37.10, -3.52, 1.33]",https://www.agtwood.com/products/panel/mdf-lam/soft-touch-mint,https://www.agtwood.com/medium/Product/Image/99b01e9e-1b79-46c9-84af-ff586e71946e,,,,,,,,,,,,,,,,,,,,,,,,,,,,,,,,,,,,,,,,,,,
DB,agt,L157 MDF Lam Fossil Grey,#868776,0.6176123974359803,0.024905451254616618,109.82139093610664,134,135,118,"[134, 135, 118]",1%,0%,13%,47%,"[1%, 0%, 13%, 47%]",55.86,-2.74,9.06,"[55.86, -2.74, 9.06]",https://www.agtwood.com/products/panel/mdf-lam/fossil-grey,https://www.agtwood.com/medium/Product/Image/2f2528d1-dbf3-4578-9bcb-9929e95fbeac,,,,,,,,,,,,,,,,,,,,,,,,,,,,,,,,,,,,,,,,,,,
DB,agt,L154 MDF Lam Carbon Grey,#262626,0.26861855492038295,0.000010432300922189652,72.58924660507074,38,38,38,"[38, 38, 38]",0%,0%,0%,85%,"[0%, 0%, 0%, 85%]",15.16,0.00,0.00,"[15.16, 0.00, 0.00]",https://www.agtwood.com/products/panel/mdf-lam/carbon-grey,https://www.agtwood.com/medium/Product/Image/ed8a1d5b-4292-4962-8f95-c9cfbd2e609a,,,,,,,,,,,,,,,,,,,,,,,,,,,,,,,,,,,,,,,,,,,
DB,agt,L155 MDF Lam Lead Grey,#1F1E20,0.23694458642203522,0.004041662796789906,308.3829759262235,31,30,32,"[31, 30, 32]",3%,6%,0%,87%,"[3%, 6%, 0%, 87%]",11.44,0.87,-1.19,"[11.44, 0.87, -1.19]",https://www.agtwood.com/products/panel/mdf-lam/lead-grey,https://www.agtwood.com/medium/Product/Image/21d478e8-d0cc-45ab-9011-42ad4e8e12c6,,,,,,,,,,,,,,,,,,,,,,,,,,,,,,,,,,,,,,,,,,,
DB,agt,L153 MDF Lam Sepia Line,#B28A61,0.6618291889045714,0.0743519001068591,66.64228848579745,178,138,97,"[178, 138, 97]",0%,22%,46%,30%,"[0%, 22%, 46%, 30%]",60.65,11.82,28.10,"[60.65, 11.82, 28.10]",https://www.agtwood.com/products/panel/mdf-lam/sepia-line,https://www.agtwood.com/medium/Product/Image/0a997fca-53d8-47f7-938a-63bc70b7c3fd,,,,,,,,,,,,,,,,,,,,,,,,,,,,,,,,,,,,,,,,,,,
DB,agt,L159 MDF Lam Babylon Oak,#977852,0.5933905205257938,0.06574140104172062,71.68423564444413,151,120,82,"[151, 120, 82]",0%,21%,46%,41%,"[0%, 21%, 46%, 41%]",52.80,8.69,25.68,"[52.80, 8.69, 25.68]",https://www.agtwood.com/products/panel/mdf-lam/babylon-oak,https://www.agtwood.com/medium/Product/Image/d85c2fd7-19cf-4fab-8671-c55192ac7c5e,,,,,,,,,,,,,,,,,,,,,,,,,,,,,,,,,,,,,,,,,,,
DB,agt,L158 MDF Lam Marmara Rhythmic White,#DFDFDF,0.9036529308684536,0.00003509504139361277,72.58924660560655,223,223,223,"[223, 223, 223]",0%,0%,0%,13%,"[0%, 0%, 0%, 13%]",88.82,0.00,0.01,"[88.82, 0.00, 0.01]",https://www.agtwood.com/products/panel/mdf-lam/marmara-rhythmic-white,https://www.agtwood.com/medium/Product/Image/35608dce-b158-44d7-b6a5-e85c39e2d12c,,,,,,,,,,,,,,,,,,,,,,,,,,,,,,,,,,,,,,,,,,,
DB,agt,L145 MDF Lam Grand Beige,#A3978D,0.6838974611317433,0.02029790208696,62.32270199333328,163,151,141,"[163, 151, 141]",0%,7%,13%,36%,"[0%, 7%, 13%, 36%]",63.30,3.27,6.97,"[63.30, 3.27, 6.97]",https://www.agtwood.com/products/panel/mdf-lam/grand-bej,https://www.agtwood.com/medium/Product/Image/1896dddb-c2a4-426f-9aab-e42219967010,,,,,,,,,,,,,,,,,,,,,,,,,,,,,,,,,,,,,,,,,,,
DB,agt,L144 MDF Lam Sapphire Grey,#BAB2A4,0.766275627072243,0.02159365974125502,81.7502888563597,186,178,164,"[186, 178, 164]",0%,4%,12%,27%,"[0%, 4%, 12%, 27%]",72.95,1.14,8.26,"[72.95, 1.14, 8.26]",https://www.agtwood.com/products/panel/mdf-lam/safir-gri,https://www.agtwood.com/medium/Product/Image/2e777030-46ab-4508-993b-bc6400c97668,,,,,,,,,,,,,,,,,,,,,,,,,,,,,,,,,,,,,,,,,,,
DB,agt,L146 MDF Lam Dark Anthracite,#595B5B,0.46938379555045157,0.00253908769978944,196.7296933647997,89,91,91,"[89, 91, 91]",2%,0%,0%,64%,"[2%, 0%, 0%, 64%]",38.48,-0.82,-0.29,"[38.48, -0.82, -0.29]",https://www.agtwood.com/products/panel/mdf-lam/dark-anthracite,https://www.agtwood.com/medium/Product/Image/909fcd73-1955-47fd-8296-ccdf3b3ee938,,,,,,,,,,,,,,,,,,,,,,,,,,,,,,,,,,,,,,,,,,,
DB,agt,L139 MDF Lam Marmara Black,#33332F,0.3196731623885061,0.006954053498230656,106.72935480094833,51,51,47,"[51, 51, 47]",0%,0%,8%,80%,"[0%, 0%, 8%, 80%]",21.14,-0.67,2.55,"[21.14, -0.67, 2.55]",https://www.agtwood.com/products/panel/mdf-lam/marmara-black,https://www.agtwood.com/medium/Product/Image/6f5b4115-e7bb-47b5-b652-944e35f7c8ff,,,,,,,,,,,,,,,,,,,,,,,,,,,,,,,,,,,,,,,,,,,
DB,agt,L138 MDF Lam Marmara Gray,#C1BBAF,0.7935949929508384,0.017989916770629055,84.5675772140778,193,187,175,"[193, 187, 175]",0%,3%,9%,24%,"[0%, 3%, 9%, 24%]",76.12,0.63,6.90,"[76.12, 0.63, 6.90]",https://www.agtwood.com/products/panel/mdf-lam/marmara-gray,https://www.agtwood.com/medium/Product/Image/902f28b2-9bc5-4773-8d84-7ca422eec5df,,,,,,,,,,,,,,,,,,,,,,,,,,,,,,,,,,,,,,,,,,,
DB,agt,L133 MDF Lam Pera,#AB9062,0.667021391761144,0.07037541993868296,80.3763441565751,171,144,98,"[171, 144, 98]",0%,16%,43%,33%,"[0%, 16%, 43%, 33%]",61.48,5.78,28.42,"[61.48, 5.78, 28.42]",https://www.agtwood.com/products/panel/mdf-lam/pera,https://www.agtwood.com/medium/Product/Image/3d1eb40e-d5e4-451e-ae7f-4bf7c54dbf98,,,,,,,,,,,,,,,,,,,,,,,,,,,,,,,,,,,,,,,,,,,
DB,agt,L034 MDF Lam Golden Oak,#B79C85,0.7107688472578005,0.04558493457839226,62.41928469240821,183,156,133,"[183, 156, 133]",0%,15%,27%,28%,"[0%, 15%, 27%, 28%]",66.36,7.71,16.00,"[66.36, 7.71, 16.00]",https://www.agtwood.com/products/panel/mdf-lam/golden-oak,https://www.agtwood.com/medium/Product/Image/f5039f37-6e89-4e7b-a2c5-8a4416718252,,,,,,,,,,,,,,,,,,,,,,,,,,,,,,,,,,,,,,,,,,,
DB,agt,L126 MDF Lam Toskana,#B59263,0.681449186700537,0.07600723898776329,74.14460231575384,181,146,99,"[181, 146, 99]",0%,19%,45%,29%,"[0%, 19%, 45%, 29%]",63.05,9.04,30.12,"[63.05, 9.04, 30.12]",https://www.agtwood.com/products/panel/mdf-lam/toskana,https://www.agtwood.com/medium/Product/Image/5037eebc-f84c-4392-9f89-52f2c8d6e0f4,,,,,,,,,,,,,,,,,,,,,,,,,,,,,,,,,,,,,,,,,,,
DB,agt,L053 MDF Lam Montebello,#D4BFA7,0.81597992028191,0.04051517085459755,70.92535753410363,212,191,167,"[212, 191, 167]",0%,10%,21%,17%,"[0%, 10%, 21%, 17%]",78.66,4.89,15.02,"[78.66, 4.89, 15.02]",https://www.agtwood.com/products/panel/mdf-lam/montebello,https://www.agtwood.com/medium/Product/Image/0091a2a9-64a5-4cd1-92ad-c8e73e8f4eef,,,,,,,,,,,,,,,,,,,,,,,,,,,,,,,,,,,,,,,,,,,
DB,agt,L051 MDF Lam Corsico,#D6955C,0.7219395833754654,0.10749947430768501,61.07960786668849,214,149,92,"[214, 149, 92]",0%,30%,57%,16%,"[0%, 30%, 57%, 16%]",67.40,20.85,40.10,"[67.40, 20.85, 40.10]",https://www.agtwood.com/products/panel/mdf-lam/corsico,https://www.agtwood.com/medium/Product/Image/8156b7af-f261-44b3-992f-a8a6d96faecb,,,,,,,,,,,,,,,,,,,,,,,,,,,,,,,,,,,,,,,,,,,
DB,agt,L032 MDF Lam German Oak,#AA9889,0.6912952203728473,0.030342208705370705,62.11442412151729,170,152,137,"[170, 152, 137]",0%,11%,19%,33%,"[0%, 11%, 19%, 33%]",64.14,5.03,10.49,"[64.14, 5.03, 10.49]",https://www.agtwood.com/products/panel/mdf-lam/german-oak,https://www.agtwood.com/medium/Product/Image/9084f1db-a423-47c0-a03d-9af2f075f082,,,,,,,,,,,,,,,,,,,,,,,,,,,,,,,,,,,,,,,,,,,
DB,agt,L031 MDF Lam Light Walnut,#856047,0.5212570152248057,0.06096409529032553,54.99425412566541,133,96,71,"[133, 96, 71]",0%,28%,47%,48%,"[0%, 28%, 47%, 48%]",44.21,13.11,20.52,"[44.21, 13.11, 20.52]",https://www.agtwood.com/products/panel/mdf-lam/light-walnut,https://www.agtwood.com/medium/Product/Image/afeee44e-a221-4bcb-9017-fa8a9d4ef525,,,,,,,,,,,,,,,,,,,,,,,,,,,,,,,,,,,,,,,,,,,
DB,agt,L030 MDF Lam Bamboo,#B78053,0.6453617110576185,0.09134457018968425,59.46718976652079,183,128,83,"[183, 128, 83]",0%,30%,55%,28%,"[0%, 30%, 55%, 28%]",58.54,18.26,33.21,"[58.54, 18.26, 33.21]",https://www.agtwood.com/products/panel/mdf-lam/bambu,https://www.agtwood.com/medium/Product/Image/55128194-45ca-4604-9024-6f4cf54c6af2,,,,,,,,,,,,,,,,,,,,,,,,,,,,,,,,,,,,,,,,,,,
DB,agt,L020 MDF Lam Tobacco,#64411E,0.40802492223032094,0.06939612075881085,63.60217166036978,100,65,30,"[100, 65, 30]",0%,35%,70%,61%,"[0%, 35%, 70%, 61%]",31.12,12.93,27.32,"[31.12, 12.93, 27.32]",https://www.agtwood.com/products/panel/mdf-lam/tutun,https://www.agtwood.com/medium/Product/Image/cca282c0-8704-4ee0-aced-9bc62f7d6896,,,,,,,,,,,,,,,,,,,,,,,,,,,,,,,,,,,,,,,,,,,
DB,agt,L019 MDF Lam Teak,#A78563,0.6404790209247159,0.06329853790862798,66.29070148950211,167,133,99,"[167, 133, 99]",0%,20%,41%,35%,"[0%, 20%, 41%, 35%]",58.20,9.98,23.57,"[58.20, 9.98, 23.57]",https://www.agtwood.com/products/panel/mdf-lam/tik,https://www.agtwood.com/medium/Product/Image/f4bf314e-d787-48ef-9ef3-f2265688439a,,,,,,,,,,,,,,,,,,,,,,,,,,,,,,,,,,,,,,,,,,,
DB,agt,L003 MDF Lam Black,#19181C,0.21190569682792063,0.007911100301479849,297.20377336253864,25,24,28,"[25, 24, 28]",11%,14%,0%,89%,"[11%, 14%, 0%, 89%]",8.49,1.30,-2.63,"[8.49, 1.30, -2.63]",https://www.agtwood.com/products/panel/mdf-lam/black,https://www.agtwood.com/medium/Product/Image/d0b958ee-f3bc-46ba-99ef-d509727ff7e6,,,,,,,,,,,,,,,,,,,,,,,,,,,,,,,,,,,,,,,,,,,
DB,agt,L002 MDF Lam Bianco,#E7E2D0,0.9118651426078882,0.024649180743930577,94.0518705268289,231,226,208,"[231, 226, 208]",0%,2%,10%,9%,"[0%, 2%, 10%, 9%]",89.92,-0.50,9.48,"[89.92, -0.50, 9.48]",https://www.agtwood.com/products/panel/mdf-lam/bianco,https://www.agtwood.com/medium/Product/Image/1dcc06d9-b7f4-44fc-85da-882c0ac534da,,,,,,,,,,,,,,,,,,,,,,,,,,,,,,,,,,,,,,,,,,,
DB,agt,L143 MDF Lam Giza,#B59574,0.6908299141864597,0.05975363975203766,67.43513587951077,181,149,116,"[181, 149, 116]",0%,18%,36%,29%,"[0%, 18%, 36%, 29%]",64.07,8.89,22.22,"[64.07, 8.89, 22.22]",https://www.agtwood.com/products/panel/mdf-lam/giza,https://www.agtwood.com/medium/Product/Image/d65ab46b-f664-47a1-a058-cc9c9d7f2574,,,,,,,,,,,,,,,,,,,,,,,,,,,,,,,,,,,,,,,,,,,
DB,agt,L140 MDF Lam Marmara Etra,#DCD4C9,0.8732938868485096,0.01739237502377093,76.08689844818161,220,212,201,"[220, 212, 201]",0%,4%,9%,14%,"[0%, 4%, 9%, 14%]",85.33,1.45,6.50,"[85.33, 1.45, 6.50]",https://www.agtwood.com/products/panel/mdf-lam/marmara-etra,https://www.agtwood.com/medium/Product/Image/a6606b28-d6f3-4e6f-a82a-c5a65c3b6d5e,,,,,,,,,,,,,,,,,,,,,,,,,,,,,,,,,,,,,,,,,,,
DB,agt,L001 MDF Lam White,#E3E1E0,0.9110214420265006,0.002603633629093716,49.025581511873895,227,225,224,"[227, 225, 224]",0%,1%,1%,11%,"[0%, 1%, 1%, 11%]",89.67,0.57,0.75,"[89.67, 0.57, 0.75]",https://www.agtwood.com/products/panel/mdf-lam/white,https://www.agtwood.com/medium/Product/Image/4bc65db9-0459-4686-b9d4-7961355b4a1c,,,,,,,,,,,,,,,,,,,,,,,,,,,,,,,,,,,,,,,,,,,
DB,agt,601 Super White HG,#f3f5f5,0.9696740622928185,0.0026192650692920434,192.17714282305474,243,245,245,"[243, 245, 245]",1%,0%,0%,4%,"[1%, 0%, 0%, 4%]",96.51,-0.86,-0.22,"[96.51, -0.86, -0.22]",https://www.agtwood.com/products/panel/panel/trendy-panel/hg-white,https://www.agtwood.com/medium/Product/Image/c98acace-661c-4201-abbd-b6c874a15c95,Solid Laminates,HG (High Gloss),SL (Slab),V1 (Solid),T1 (Smooth),Solid Laminate,D65,10,M1,2026-08-20T20:42:40.125Z,Nix Spectro L,5.92724681e-1,7.29015183e-1,8.39196801e-1,8.93613076e-1,9.16513264e-1,9.29844511e-1,9.39119136e-1,9.39706552e-1,9.36105263e-1,9.32051730e-1,9.30120742e-1,9.26642549e-1,9.21966898e-1,9.17369342e-1,9.13684165e-1,9.06780446e-1,9.03396249e-1,9.05595970e-1,9.08219945e-1,9.07879472e-1,9.04925418e-1,9.04471517e-1,9.07468545e-1,9.08591640e-1,9.08722448e-1,9.14288509e-1,9.16834915e-1,9.20418596e-1,9.25453019e-1,9.30490208e-1,9.34793222e-1,"[0.592724681,0.729015183,0.839196801,0.893613076,0.916513264,0.929844511,0.939119136,0.939706552,0.936105263,0.93205173,0.930120742,0.926642549,0.921966898,0.917369342,0.913684165,0.906780446,0.903396249,0.90559597,0.908219945,0.907879472,0.904925418,0.904471517,0.907468545,0.90859164,0.908722448,0.914288509,0.916834915,0.920418596,0.925453019,0.930490208,0.934793222]"
DB,agt,734 White Soft Touch,#f4f5f5,0.9701501242726158,0.0007404869075924145,190.89049830575232,244,245,245,"[244, 245, 245]",0%,0%,0%,4%,"[0%, 0%, 0%, 4%]",96.55,-0.25,-0.06,"[96.55, -0.25, -0.06]",https://www.agtwood.com/products/panel/panel/trendy-panel/soft-touch-white,https://www.agtwood.com/medium/Product/Image/c32d16e8-2a02-472e-b9ad-c182b295f760,Solid Laminates,HG (High Gloss),SL (Slab),V3 (Cathedral Grain),T1 (Smooth),Solid Laminate,D65,10,M1,2026-08-20T20:43:22.105Z,Nix Spectro L,7.07882822e-1,8.18109083e-1,8.79740989e-1,9.03973365e-1,9.13094139e-1,9.21461701e-1,9.27295458e-1,9.27807331e-1,9.27523971e-1,9.26847255e-1,9.26844800e-1,9.23823190e-1,9.19865203e-1,9.15843046e-1,9.13535202e-1,9.08733439e-1,9.05119061e-1,9.05083835e-1,9.05719566e-1,9.04783785e-1,9.04854560e-1,9.11301303e-1,9.21670365e-1,9.27184868e-1,9.30094874e-1,9.37088501e-1,9.38908684e-1,9.39504051e-1,9.40089655e-1,9.41220737e-1,9.42424333e-1,"[0.707882822,0.818109083,0.879740989,0.903973365,0.913094139,0.921461701,0.927295458,0.927807331,0.927523971,0.926847255,0.9268448,0.92382319,0.919865203,0.915843046,0.913535202,0.908733439,0.905119061,0.905083835,0.905719566,0.904783785,0.90485456,0.911301303,0.921670365,0.927184868,0.930094874,0.937088501,0.938908684,0.939504051,0.940089655,0.941220737,0.942424333]"
DB,agt,6002 Black HG,#060709,0.1289354416389249,0.00561880675081561,272.85651609223805,6,7,9,"[6, 7, 9]",33%,22%,0%,96%,"[33%, 22%, 0%, 96%]",1.92,0.07,-0.88,"[1.92, 0.07, -0.88]",https://www.agtwood.com/products/panel/panel/trendy-panel/hg-new-black,https://www.agtwood.com/medium/Product/Image/55653f11-f3ba-44f4-8592-f7b59245229d,Solid Laminates,HG (High Gloss),SL (Slab),V1 (Solid),T1 (Smooth),Solid Laminate,D65,10,M1,2026-08-20T20:44:26.872Z,Nix Spectro L,3.94569007e-3,3.63944396e-3,3.16068595e-3,2.91076405e-3,2.88547049e-3,2.73783747e-3,2.56395089e-3,2.48178663e-3,2.48510544e-3,2.41548889e-3,2.37720311e-3,2.31512040e-3,2.26059402e-3,2.19243192e-3,2.08836515e-3,2.02696468e-3,2.07188893e-3,2.12240107e-3,2.10734871e-3,2.07004733e-3,2.05201018e-3,2.02066363e-3,1.98352616e-3,1.96525189e-3,1.95878961e-3,1.92774453e-3,1.87381867e-3,1.83093036e-3,1.81386892e-3,1.79533069e-3,1.73747651e-3,"[0.00394569007,0.00363944396,0.00316068595,0.00291076405,0.00288547049,0.00273783747,0.00256395089,0.00248178663,0.00248510544,0.00241548889,0.00237720311,0.0023151204,0.00226059402,0.00219243192,0.00208836515,0.00202696468,0.00207188893,0.00212240107,0.00210734871,0.00207004733,0.00205201018,0.00202066363,0.00198352616,0.00196525189,0.00195878961,0.00192774453,0.00187381867,0.00183093036,0.00181386892,0.00179533069,0.00173747651]"
DB,agt,723 Black Soft Touch,#2f3031,0.3092637521406921,0.0027259191288662474,259.4439741639927,47,48,49,"[47, 48, 49]",4%,2%,0%,81%,"[4%, 2%, 0%, 81%]",19.87,-0.15,-1.02,"[19.87, -0.15, -1.02]",https://www.agtwood.com/products/panel/panel/trendy-panel/soft-touch-black,https://www.agtwood.com/medium/Product/Image/70141ed1-1bd8-43a1-a524-b3a88e57daae,Solid Laminates,HG (High Gloss),SL (Slab),V3 (Cathedral Grain),T1 (Smooth),Solid Laminate,D65,10,M1,2026-08-20T20:45:22.018Z,Nix Spectro L,2.89499208e-2,3.12441170e-2,3.15372456e-2,3.15064874e-2,3.14697661e-2,3.13349344e-2,3.10651038e-2,3.08118962e-2,3.07211019e-2,3.05874173e-2,3.05322077e-2,3.03253029e-2,3.00667524e-2,2.97953553e-2,2.95826010e-2,2.93714173e-2,2.92583097e-2,2.93321118e-2,2.94552334e-2,2.94629257e-2,2.92959973e-2,2.90643256e-2,2.88981900e-2,2.87926197e-2,2.87328493e-2,2.87887651e-2,2.87013795e-2,2.85637643e-2,2.83827458e-2,2.82239296e-2,2.80311637e-2,"[0.0289499208,0.031244117,0.0315372456,0.0315064874,0.0314697661,0.0313349344,0.0310651038,0.0308118962,0.0307211019,0.0305874173,0.0305322077,0.0303253029,0.0300667524,0.0297953553,0.029582601,0.0293714173,0.0292583097,0.0293321118,0.0294552334,0.0294629257,0.0292959973,0.0290643256,0.02889819,0.0287926197,0.0287328493,0.0287887651,0.0287013795,0.0285637643,0.0283827458,0.0282239296,0.0280311637]"
DB,agt,726 Storm Grey Soft Touch,#5b5b58,0.47119675949819245,0.004865224579956197,107.27354033451911,91,91,88,"[91, 91, 88]",0%,0%,3%,64%,"[0%, 0%, 3%, 64%]",38.70,-0.50,1.77,"[38.70, -0.50, 1.77]",https://www.agtwood.com/products/panel/panel/trendy-panel/soft-touch-storm-gray,https://www.agtwood.com/medium/Product/Image/96cb5fb7-ac68-431b-8536-b5c986580a00,Solid Laminates,HG (High Gloss),SL (Slab),V3 (Cathedral Grain),T1 (Smooth),Solid Laminate,D65,10,M1,2026-08-20T20:46:33.370Z,Nix Spectro L,9.31412011e-2,1.00601466e-1,1.00975889e-1,1.00263062e-1,9.91745546e-2,9.85502869e-2,9.81932029e-2,9.81418386e-2,9.89441440e-2,1.00334920e-1,1.02182339e-1,1.03514494e-1,1.04386750e-1,1.04810958e-1,1.05120468e-1,1.05226399e-1,1.05567762e-1,1.06357598e-1,1.06919174e-1,1.06734486e-1,1.05863743e-1,1.04804304e-1,1.03995338e-1,1.03367484e-1,1.02811815e-1,1.02720895e-1,1.02175331e-1,1.01582195e-1,1.01034637e-1,1.00618416e-1,1.00238918e-1,"[0.0931412011,0.100601466,0.100975889,0.100263062,0.0991745546,0.0985502869,0.0981932029,0.0981418386,0.098944144,0.10033492,0.102182339,0.103514494,0.10438675,0.104810958,0.105120468,0.105226399,0.105567762,0.106357598,0.106919174,0.106734486,0.105863743,0.104804304,0.103995338,0.103367484,0.102811815,0.102720895,0.102175331,0.101582195,0.101034637,0.100618416,0.100238918]"
DB,agt,728 Stone Grey Soft Touch,#847f75,0.5984629565436969,0.01563452744864557,85.99069605407345,132,127,117,"[132, 127, 117]",0%,4%,11%,48%,"[0%, 4%, 11%, 48%]",53.48,0.43,6.02,"[53.48, 0.43, 6.02]",https://www.agtwood.com/products/panel/panel/trendy-panel/soft-touch-rock-gray,https://www.agtwood.com/medium/Product/Image/f4b8af8b-7d67-4f34-a8ba-b35fdee5f6c5,Solid Laminates,HG (High Gloss),SL (Slab),V3 (Cathedral Grain),T1 (Smooth),Solid Laminate,D65,10,M1,2026-08-20T20:48:35.815Z,Nix Spectro L,1.51082459e-1,1.70034602e-1,1.77932617e-1,1.81018665e-1,1.82284221e-1,1.83568135e-1,1.84571242e-1,1.85363010e-1,1.87135285e-1,1.89985505e-1,1.94577765e-1,1.99918517e-1,2.04900435e-1,2.08788103e-1,2.11873111e-1,2.14722684e-1,2.19011620e-1,2.23969406e-1,2.26610881e-1,2.26452109e-1,2.24593854e-1,2.22723651e-1,2.21689439e-1,2.20707026e-1,2.19616649e-1,2.19596112e-1,2.18897218e-1,2.18508247e-1,2.18388122e-1,2.18448764e-1,2.18510020e-1,"[0.151082459,0.170034602,0.177932617,0.181018665,0.182284221,0.183568135,0.184571242,0.18536301,0.187135285,0.189985505,0.194577765,0.199918517,0.204900435,0.208788103,0.211873111,0.214722684,0.21901162,0.223969406,0.226610881,0.226452109,0.224593854,0.222723651,0.221689439,0.220707026,0.219616649,0.219596112,0.218897218,0.218508247,0.218388122,0.218448764,0.21851002]"
DB,agt,729 New Grey Soft Touch,#b8afa0,0.7584238051991155,0.024074093780532664,81.66884924943247,184,175,160,"[184, 175, 160]",0%,5%,13%,28%,"[0%, 5%, 13%, 28%]",72.05,1.31,9.23,"[72.05, 1.31, 9.23]",https://www.agtwood.com/products/panel/panel/trendy-panel/soft-touch-new-gray,https://www.agtwood.com/medium/Product/Image/80a51a8d-bd2e-4fe3-b94f-6fbf0fd551e0,Solid Laminates,HG (High Gloss),SL (Slab),V3 (Cathedral Grain),T1 (Smooth),Solid Laminate,D65,10,M1,2026-08-20T20:49:30.527Z,Nix Spectro L,2.93538070e-1,3.31790030e-1,3.48245460e-1,3.54639733e-1,3.57094795e-1,3.59993732e-1,3.62884343e-1,3.65472770e-1,3.70145053e-1,3.77340126e-1,3.87716806e-1,3.99292886e-1,4.10425854e-1,4.19487989e-1,4.26994747e-1,4.34448910e-1,4.45614076e-1,4.58182186e-1,4.65465724e-1,4.67199856e-1,4.65136385e-1,4.62404269e-1,4.60940945e-1,4.59013838e-1,4.56306636e-1,4.55537564e-1,4.53097785e-1,4.51038957e-1,4.49508572e-1,4.48488116e-1,4.47709113e-1,"[0.29353807,0.33179003,0.34824546,0.354639733,0.357094795,0.359993732,0.362884343,0.36547277,0.370145053,0.377340126,0.387716806,0.399292886,0.410425854,0.419487989,0.426994747,0.43444891,0.445614076,0.458182186,0.465465724,0.467199856,0.465136385,0.462404269,0.460940945,0.459013838,0.456306636,0.455537564,0.453097785,0.451038957,0.449508572,0.448488116,0.447709113]"
DB,agt,6014 Grey HG,#484947,0.40312290483537266,0.002472772260609163,109.46071626818838,72,73,71,"[72, 73, 71]",1%,0%,3%,71%,"[1%, 0%, 3%, 71%]",30.78,-0.28,0.89,"[30.78, -0.28, 0.89]",https://www.agtwood.com/products/panel/panel/trendy-panel/hg-trend-gray,https://www.agtwood.com/medium/Product/Image/75a61401-f02d-45ea-be20-2179ac112bfd,Solid Laminates,HG (High Gloss),SL (Slab),V1 (Solid),T1 (Smooth),Solid Laminate,D65,10,M1,2026-08-20T20:50:19.346Z,Nix Spectro L,7.33240500e-2,7.50436664e-2,7.07103476e-2,6.74165204e-2,6.45076796e-2,6.24899067e-2,6.12408213e-2,6.07581772e-2,6.13011539e-2,6.23655058e-2,6.36705175e-2,6.44105330e-2,6.49622381e-2,6.52963474e-2,6.57384455e-2,6.62590012e-2,6.67964488e-2,6.73675135e-2,6.75814465e-2,6.69926107e-2,6.60178766e-2,6.49627596e-2,6.40615121e-2,6.34400636e-2,6.29764527e-2,6.27812669e-2,6.22359671e-2,6.15999304e-2,6.10332228e-2,6.06032722e-2,6.02435887e-2,"[0.07332405,0.0750436664,0.0707103476,0.0674165204,0.0645076796,0.0624899067,0.0612408213,0.0607581772,0.0613011539,0.0623655058,0.0636705175,0.064410533,0.0649622381,0.0652963474,0.0657384455,0.0662590012,0.0667964488,0.0673675135,0.0675814465,0.0669926107,0.0660178766,0.0649627596,0.0640615121,0.0634400636,0.0629764527,0.0627812669,0.0622359671,0.0615999304,0.0610332228,0.0606032722,0.0602435887]"
DB,agt,3002 Dark Grey Super Matt,#555554,0.4488240803074048,0.001966871439274447,124.65129841056216,85,85,84,"[85, 85, 84]",0%,0%,1%,67%,"[0%, 0%, 1%, 67%]",36.09,-0.38,0.61,"[36.09, -0.38, 0.61]",https://www.agtwood.com/products/panel/panel/trendy-panel/super-matt-light-grey,https://www.agtwood.com/medium/Product/Image/3f9a8f61-974c-468c-beb0-524fd1a1baf2,Solid Laminates,SM (Super Matte),SL (Slab),V1 (Solid),T1 (Smooth),Solid Laminate,D65,10,M1,2026-08-20T20:51:11.562Z,Nix Spectro L,9.29203942e-2,9.74483013e-2,9.46692452e-2,9.21094447e-2,8.95757407e-2,8.78767028e-2,8.68354201e-2,8.64535764e-2,8.71463224e-2,8.84094015e-2,8.98070902e-2,9.02958006e-2,9.04730529e-2,9.04438987e-2,9.06211510e-2,9.08402443e-2,9.11672145e-2,9.18021843e-2,9.22214970e-2,9.18239519e-2,9.08469811e-2,8.97066504e-2,8.87588575e-2,8.81023377e-2,8.76260072e-2,8.75685588e-2,8.70757818e-2,8.64705414e-2,8.58933359e-2,8.54567826e-2,8.50727245e-2,"[0.0929203942,0.0974483013,0.0946692452,0.0921094447,0.0895757407,0.0878767028,0.0868354201,0.0864535764,0.0871463224,0.0884094015,0.0898070902,0.0902958006,0.0904730529,0.0904438987,0.090621151,0.0908402443,0.0911672145,0.0918021843,0.092221497,0.0918239519,0.0908469811,0.0897066504,0.0887588575,0.0881023377,0.0876260072,0.0875685588,0.0870757818,0.0864705414,0.0858933359,0.0854567826,0.0850727245]"
DB,agt,6013 Light Grey HG,#d0ccc6,0.8465762473382143,0.009037622980029917,81.38985494557079,208,204,198,"[208, 204, 198]",0%,2%,5%,18%,"[0%, 2%, 5%, 18%]",82.23,0.45,3.42,"[82.23, 0.45, 3.42]",https://www.agtwood.com/products/panel/panel/trendy-panel/hg-light-gray,https://www.agtwood.com/medium/Product/Image/3d2bbb13-2374-4d54-b8a3-a9e5552a034c,Solid Laminates,HG (High Gloss),SL (Slab),V1 (Solid),T1 (Smooth),Solid Laminate,D65,10,M1,2026-08-20T20:51:55.209Z,Nix Spectro L,4.76089412e-1,5.35432553e-1,5.60381854e-1,5.67927384e-1,5.68175721e-1,5.70168900e-1,5.73116982e-1,5.75232923e-1,5.79664242e-1,5.86403024e-1,5.93502796e-1,5.96428752e-1,5.97895122e-1,5.98519862e-1,5.99887407e-1,6.00699341e-1,6.04305530e-1,6.11464906e-1,6.18895352e-1,6.25085354e-1,6.26688170e-1,6.24618423e-1,6.22012722e-1,6.19015229e-1,6.15600443e-1,6.15032256e-1,6.11652458e-1,6.08226705e-1,6.05746317e-1,6.04036653e-1,6.02776480e-1,"[0.476089412,0.535432553,0.560381854,0.567927384,0.568175721,0.5701689,0.573116982,0.575232923,0.579664242,0.586403024,0.593502796,0.596428752,0.597895122,0.598519862,0.599887407,0.600699341,0.60430553,0.611464906,0.618895352,0.625085354,0.62668817,0.624618423,0.622012722,0.619015229,0.615600443,0.615032256,0.611652458,0.608226705,0.605746317,0.604036653,0.60277648]"
DB,agt,3001 Light Grey Super Matt,#d2cfc9,0.8549300518022626,0.008247359627503979,78.8275807892262,210,207,201,"[210, 207, 201]",0%,1%,4%,18%,"[0%, 1%, 4%, 18%]",83.19,0.53,3.10,"[83.19, 0.53, 3.10]",https://www.agtwood.com/products/panel/panel/trendy-panel/super-matt-light-grey,https://www.agtwood.com/medium/Product/Image/3f9a8f61-974c-468c-beb0-524fd1a1baf2,Solid Laminates,SM (Super Matte),SL (Slab),V1 (Solid),T1 (Smooth),Solid Laminate,D65,10,M1,2026-08-20T20:52:40.181Z,Nix Spectro L,4.98528302e-1,5.58884263e-1,5.83151436e-1,5.90100360e-1,5.89672184e-1,5.91117799e-1,5.93549943e-1,5.95203745e-1,5.99296618e-1,6.05684781e-1,6.12477469e-1,6.15011120e-1,6.16103947e-1,6.16424918e-1,6.17687881e-1,6.18420613e-1,6.21796119e-1,6.28817785e-1,6.36425543e-1,6.43032598e-1,6.44941866e-1,6.42989743e-1,6.40372264e-1,6.37337959e-1,6.33912945e-1,6.33394754e-1,6.29911482e-1,6.26290333e-1,6.23568869e-1,6.21653473e-1,6.20223808e-1,"[0.498528302,0.558884263,0.583151436,0.59010036,0.589672184,0.591117799,0.593549943,0.595203745,0.599296618,0.605684781,0.612477469,0.61501112,0.616103947,0.616424918,0.617687881,0.618420613,0.621796119,0.628817785,0.636425543,0.643032598,0.644941866,0.642989743,0.640372264,0.637337959,0.633912945,0.633394754,0.629911482,0.626290333,0.623568869,0.621653473,0.620223808]"
DB,agt,6012 Pebble Grey HG,#90908e,0.6518458692170297,0.002517138958260266,94.96344896053864,144,144,142,"[144, 144, 142]",0%,0%,1%,44%,"[0%, 0%, 1%, 44%]",59.63,-0.08,0.96,"[59.63, -0.08, 0.96]",https://www.agtwood.com/products/panel/panel/trendy-panel/hg-deluxe-gray,https://www.agtwood.com/medium/Product/Image/f6ca9f89-ade1-4ad6-8f31-bcdb5c2bca3c,Solid Laminates,HG (High Gloss),SL (Slab),V1 (Solid),T1 (Smooth),Solid Laminate,D65,10,M1,2026-08-20T20:53:36.130Z,Nix Spectro L,2.36882541e-1,2.62432176e-1,2.70923889e-1,2.72647178e-1,2.71433371e-1,2.71155572e-1,2.71316975e-1,2.71286929e-1,2.72452414e-1,2.74435604e-1,2.76593345e-1,2.76763284e-1,2.76321417e-1,2.75648117e-1,2.75612050e-1,2.75323319e-1,2.75778413e-1,2.77721423e-1,2.80135244e-1,2.81908488e-1,2.81694788e-1,2.79959774e-1,2.78090411e-1,2.76390362e-1,2.74712354e-1,2.74268448e-1,2.72481835e-1,2.70544904e-1,2.68958789e-1,2.67757577e-1,2.66791606e-1,"[0.236882541,0.262432176,0.270923889,0.272647178,0.271433371,0.271155572,0.271316975,0.271286929,0.272452414,0.274435604,0.276593345,0.276763284,0.276321417,0.275648117,0.27561205,0.275323319,0.275778413,0.277721423,0.280135244,0.281908488,0.281694788,0.279959774,0.278090411,0.276390362,0.274712354,0.274268448,0.272481835,0.270544904,0.268958789,0.267757577,0.266791606]"
DB,agt,399 Pebble Grey Super Matt,#979694,0.6733397689066989,0.0037822806540624984,84.49372365987517,151,150,148,"[151, 150, 148]",0%,1%,2%,41%,"[0%, 1%, 2%, 41%]",62.12,0.11,1.44,"[62.12, 0.11, 1.44]",https://www.agtwood.com/products/panel/panel/trendy-panel/soft-touch-beige-grey,https://www.agtwood.com/medium/Product/Image/d6503c13-bbb2-4e1d-afd9-620c7e5dce8a,Solid Laminates,SM (Super Matte),SL (Slab),V1 (Solid),T1 (Smooth),Solid Laminate,D65,10,M1,2026-08-20T20:54:48.003Z,Nix Spectro L,2.44641232e-1,2.75611311e-1,2.89540815e-1,2.94386911e-1,2.95379770e-1,2.96638417e-1,2.97670299e-1,2.97935134e-1,2.99055696e-1,3.00939012e-1,3.03242028e-1,3.03777879e-1,3.03585726e-1,3.03068209e-1,3.03051001e-1,3.02655673e-1,3.03371656e-1,3.05997801e-1,3.09022599e-1,3.11333507e-1,3.11481911e-1,3.10283250e-1,3.09149253e-1,3.07956731e-1,3.06721580e-1,3.07006109e-1,3.05952883e-1,3.04802388e-1,3.03876048e-1,3.03245091e-1,3.02700222e-1,"[0.244641232,0.275611311,0.289540815,0.294386911,0.29537977,0.296638417,0.297670299,0.297935134,0.299055696,0.300939012,0.303242028,0.303777879,0.303585726,0.303068209,0.303051001,0.302655673,0.303371656,0.305997801,0.309022599,0.311333507,0.311481911,0.31028325,0.309149253,0.307956731,0.30672158,0.307006109,0.305952883,0.304802388,0.303876048,0.303245091,0.302700222]"
DB,agt,6011 Light Cream HG,#ede4d7,0.9232194762033682,0.02012666412775737,77.8009862693363,237,228,215,"[237, 228, 215]",0%,4%,9%,7%,"[0%, 4%, 9%, 7%]",91.14,1.49,7.58,"[91.14, 1.49, 7.58]",https://www.agtwood.com/products/panel/panel/trendy-panel/hg-cream,https://www.agtwood.com/medium/Product/Image/10ea73d3-ff63-48d2-9d49-e2f2125f5d96,Solid Laminates,HG (High Gloss),SL (Slab),V1 (Solid),T1 (Smooth),Solid Laminate,D65,10,M1,2026-08-20T20:55:57.203Z,Nix Spectro L,5.59010160e-1,6.34808600e-1,6.69463527e-1,6.81807959e-1,6.85202324e-1,6.90507877e-1,6.97150576e-1,7.03074634e-1,7.12598252e-1,7.26502514e-1,7.41623545e-1,7.52073467e-1,7.60132527e-1,7.65918791e-1,7.71031451e-1,7.75510979e-1,7.85575855e-1,8.00585163e-1,8.13705659e-1,8.24683988e-1,8.29873073e-1,8.31272268e-1,8.32284832e-1,8.31074095e-1,8.28480375e-1,8.29827368e-1,8.27685142e-1,8.25748658e-1,8.24772608e-1,8.24559987e-1,8.24598336e-1,"[0.55901016,0.6348086,0.669463527,0.681807959,0.685202324,0.690507877,0.697150576,0.703074634,0.712598252,0.726502514,0.741623545,0.752073467,0.760132527,0.765918791,0.771031451,0.775510979,0.785575855,0.800585163,0.813705659,0.824683988,0.829873073,0.831272268,0.832284832,0.831074095,0.828480375,0.829827368,0.827685142,0.825748658,0.824772608,0.824559987,0.824598336]"
DB,agt,398 Light Cream Super Matt,#eee7dd,0.9310972216443775,0.015556709282383408,80.75442465769197,238,231,221,"[238, 231, 221]",0%,3%,7%,7%,"[0%, 3%, 7%, 7%]",92.05,0.86,5.90,"[92.05, 0.86, 5.90]",https://www.agtwood.com/products/panel/panel/trendy-panel/super-matt-light-cream,https://www.agtwood.com/medium/Product/Image/0ed7ed4d-b3d2-4b98-8300-667c4c4362fe,Solid Laminates,SM (Super Matte),SL (Slab),V1 (Solid),T1 (Smooth),Solid Laminate,D65,10,M1,2026-08-20T20:56:53.879Z,Nix Spectro L,6.04461753e-1,6.81854951e-1,7.14816296e-1,7.25427246e-1,7.26822591e-1,7.30521965e-1,7.35725200e-1,7.40202117e-1,7.48269629e-1,7.60436428e-1,7.73874927e-1,7.82443559e-1,7.88511384e-1,7.92467725e-1,7.96185291e-1,7.98906457e-1,8.06073463e-1,8.17914677e-1,8.28640592e-1,8.37060726e-1,8.40143692e-1,8.40089297e-1,8.40083539e-1,8.38356805e-1,8.35504377e-1,8.36606777e-1,8.34026599e-1,8.31424105e-1,8.29756141e-1,8.28938055e-1,8.28474784e-1,"[0.604461753,0.681854951,0.714816296,0.725427246,0.726822591,0.730521965,0.7357252,0.740202117,0.748269629,0.760436428,0.773874927,0.782443559,0.788511384,0.792467725,0.796185291,0.798906457,0.806073463,0.817914677,0.828640592,0.837060726,0.840143692,0.840089297,0.840083539,0.838356805,0.835504377,0.836606777,0.834026599,0.831424105,0.829756141,0.828938055,0.828474784]"
DB,agt,6016 Gentle Grey HG,#aaaba6,0.7380407973135353,0.006852448413477724,115.95597365644562,170,171,166,"[170, 171, 166]",1%,0%,3%,33%,"[1%, 0%, 3%, 33%]",69.68,-1.03,2.34,"[69.68, -1.03, 2.34]",https://www.agtwood.com/products/panel/panel/trendy-panel/hg-deluxe-gray,https://www.agtwood.com/medium/Product/Image/f6ca9f89-ade1-4ad6-8f31-bcdb5c2bca3c,Solid Laminates,HG (High Gloss),SL (Slab),V1 (Solid),T1 (Smooth),Solid Laminate,D65,10,M1,2026-08-20T20:57:39.349Z,Nix Spectro L,3.11571580e-1,3.52765906e-1,3.72473836e-1,3.79773051e-1,3.81795758e-1,3.84204429e-1,3.86583143e-1,3.87995064e-1,3.90686637e-1,3.95099473e-1,4.00317413e-1,4.02779931e-1,4.03491956e-1,4.03194439e-1,4.02946538e-1,4.01770908e-1,4.02334493e-1,4.05696064e-1,4.09165138e-1,4.10543370e-1,4.08147174e-1,4.03258461e-1,3.98804206e-1,3.95324689e-1,3.91962880e-1,3.90551418e-1,3.87625390e-1,3.84567523e-1,3.81828636e-1,3.79584563e-1,3.77565742e-1,"[0.31157158,0.352765906,0.372473836,0.379773051,0.381795758,0.384204429,0.386583143,0.387995064,0.390686637,0.395099473,0.400317413,0.402779931,0.403491956,0.403194439,0.402946538,0.401770908,0.402334493,0.405696064,0.409165138,0.41054337,0.408147174,0.403258461,0.398804206,0.395324689,0.39196288,0.390551418,0.38762539,0.384567523,0.381828636,0.379584563,0.377565742]"
DB,agt,3003 Night Blue Super Matt,#353b44,0.35001801608749833,0.018119535373404397,258.33137704967714,53,59,68,"[53, 59, 68]",22%,13%,0%,73%,"[22%, 13%, 0%, 73%]",24.54,-0.89,-6.62,"[24.54, -0.89, -6.62]",https://www.agtwood.com/products/panel/panel/trendy-panel/midnight-blue,https://www.agtwood.com/medium/Product/Image/b9be5d98-ba04-4675-92b8-1b672ea7b7d8,Solid Laminates,SM (Super Matte),SL (Slab),V1 (Solid),T1 (Smooth),Solid Laminate,D65,10,M1,2026-08-20T20:58:29.382Z,Nix Spectro L,4.85536605e-2,5.45939513e-2,5.72930239e-2,5.79899788e-2,5.79164609e-2,5.75512655e-2,5.67430213e-2,5.55943109e-2,5.43252133e-2,5.27024165e-2,5.10484822e-2,4.90112334e-2,4.68887553e-2,4.50814888e-2,4.38197814e-2,4.25055116e-2,4.09058228e-2,3.97606835e-2,3.94735470e-2,3.91230680e-2,3.85559961e-2,3.78592215e-2,3.72332819e-2,3.72294880e-2,3.81112620e-2,3.98759499e-2,4.19650212e-2,4.44985315e-2,4.72039774e-2,4.96963613e-2,5.17624803e-2,"[0.0485536605,0.0545939513,0.0572930239,0.0579899788,0.0579164609,0.0575512655,0.0567430213,0.0555943109,0.0543252133,0.0527024165,0.0510484822,0.0490112334,0.0468887553,0.0450814888,0.0438197814,0.0425055116,0.0409058228,0.0397606835,0.039473547,0.039123068,0.0385559961,0.0378592215,0.0372332819,0.037229488,0.038111262,0.0398759499,0.0419650212,0.0444985315,0.0472039774,0.0496963613,0.0517624803]"
DB,agt,6015 Shark Tail HG,#918579,0.6228397984091836,0.021922130792985692,65.48263782397657,145,133,121,"[145, 133, 121]",0%,8%,17%,43%,"[0%, 8%, 17%, 43%]",56.23,3.21,7.76,"[56.23, 3.21, 7.76]",https://www.agtwood.com/products/panel/panel/trendy-panel/hg-cool-gri,https://www.agtwood.com/medium/Product/Image/04ba52b4-8c13-44c2-9aae-e64e166399bf,Solid Laminates,HG (High Gloss),SL (Slab),V1 (Solid),T1 (Smooth),Solid Laminate,D65,10,M1,2026-08-20T20:59:12.253Z,Nix Spectro L,2.19115561e-1,2.23804298e-1,2.09451598e-1,1.99718124e-1,1.91705534e-1,1.88482070e-1,1.90605369e-1,1.97296870e-1,2.09736279e-1,2.25646126e-1,2.34127790e-1,2.30273530e-1,2.25730062e-1,2.22749570e-1,2.22772712e-1,2.26114371e-1,2.34159997e-1,2.45531431e-1,2.55888087e-1,2.65868527e-1,2.72160488e-1,2.73670459e-1,2.72786438e-1,2.71337485e-1,2.69826806e-1,2.69550884e-1,2.67924285e-1,2.66243786e-1,2.65048909e-1,2.64349240e-1,2.63965619e-1,"[0.219115561,0.223804298,0.209451598,0.199718124,0.191705534,0.18848207,0.190605369,0.19729687,0.209736279,0.225646126,0.23412779,0.23027353,0.225730062,0.22274957,0.222772712,0.226114371,0.234159997,0.245531431,0.255888087,0.265868527,0.272160488,0.273670459,0.272786438,0.271337485,0.269826806,0.269550884,0.267924285,0.266243786,0.265048909,0.26434924,0.263965619]"
DB,agt,736 Ocean Blue Sort Touch,#7996aa,0.6575126473540178,0.044301169207311385,240.17450225448601,121,150,170,"[121, 150, 170]",29%,12%,0%,33%,"[29%, 12%, 0%, 33%]",60.31,-6.52,-14.32,"[60.31, -6.52, -14.32]",https://www.agtwood.com/products/panel/panel/trendy-panel/soft-touch-ocean-blue,https://www.agtwood.com/medium/Product/Image/fc6f15a3-9ffc-4157-8201-25ba79a803aa,Solid Laminates,HG (High Gloss),SL (Slab),V3 (Cathedral Grain),T1 (Smooth),Solid Laminate,D65,10,M1,2026-08-20T21:00:00.390Z,Nix Spectro L,3.77683944e-1,4.09150046e-1,4.12937093e-1,4.08494872e-1,3.99178034e-1,3.92016298e-1,3.86249316e-1,3.79941970e-1,3.74552900e-1,3.71204001e-1,3.70852309e-1,3.65424705e-1,3.52392519e-1,3.36431807e-1,3.19860828e-1,2.96428287e-1,2.65093195e-1,2.36192000e-1,2.18276158e-1,2.07931587e-1,2.08597416e-1,2.25178051e-1,2.48922434e-1,2.65309495e-1,2.77129352e-1,2.89013469e-1,2.95588231e-1,2.94355464e-1,2.86490226e-1,2.78667605e-1,2.70715600e-1,"[0.377683944,0.409150046,0.412937093,0.408494872,0.399178034,0.392016298,0.386249316,0.37994197,0.3745529,0.371204001,0.370852309,0.365424705,0.352392519,0.336431807,0.319860828,0.296428287,0.265093195,0.236192,0.218276158,0.207931587,0.208597416,0.225178051,0.248922434,0.265309495,0.277129352,0.289013469,0.295588231,0.294355464,0.286490226,0.278667605,0.2707156]"
DB,agt,735 Relax Green Sort Touch,#92a296,0.6948436253354391,0.024412614809641638,153.9061819808485,146,162,150,"[146, 162, 150]",10%,0%,7%,36%,"[10%, 0%, 7%, 36%]",64.93,-7.49,4.04,"[64.93, -7.49, 4.04]",https://www.agtwood.com/products/panel/panel/trendy-panel/soft-touch-relax-green,https://www.agtwood.com/medium/Product/Image/b18ba9f8-beee-4b14-8b10-e6d855c3da5f,Solid Laminates,SM (Super Matte),SL (Slab),V3 (Cathedral Grain),T1 (Smooth),Solid Laminate,D65,10,M1,2026-08-20T21:00:55.737Z,Nix Spectro L,2.39658681e-1,2.74698657e-1,2.93389553e-1,3.01407194e-1,3.05215353e-1,3.09050602e-1,3.12769747e-1,3.16043144e-1,3.20946294e-1,3.28076804e-1,3.36899412e-1,3.45103365e-1,3.51354414e-1,3.55246794e-1,3.57231379e-1,3.57540989e-1,3.58939672e-1,3.60424906e-1,3.54939133e-1,3.35729986e-1,3.13049001e-1,2.92799115e-1,2.77608699e-1,2.69195271e-1,2.65034938e-1,2.64893919e-1,2.67182779e-1,2.73604488e-1,2.82901883e-1,2.91858965e-1,2.99704880e-1,"[0.239658681,0.274698657,0.293389553,0.301407194,0.305215353,0.309050602,0.312769747,0.316043144,0.320946294,0.328076804,0.336899412,0.345103365,0.351354414,0.355246794,0.357231379,0.357540989,0.358939672,0.360424906,0.354939133,0.335729986,0.313049001,0.292799115,0.277608699,0.269195271,0.265034938,0.264893919,0.267182779,0.273604488,0.282901883,0.291858965,0.29970488]"
DB,agt,738 Clay Soft Touch,#9d554d,0.5327042738542751,0.09720619174130136,26.864480763453912,157,85,77,"[157, 85, 77]",0%,46%,51%,38%,"[0%, 46%, 51%, 38%]",44.88,30.03,18.30,"[44.88, 30.03, 18.30]",https://www.agtwood.com/products/panel/panel/trendy-panel/soft-touch-clay,https://www.agtwood.com/medium/Product/Image/27a9ce96-6d9b-44f3-a341-511c985bade5,Solid Laminates,SM (Super Matte),SL (Slab),V3 (Cathedral Grain),T1 (Smooth),Solid Laminate,D65,10,M1,2026-08-20T21:01:40.372Z,Nix Spectro L,8.10073212e-2,9.10618916e-2,9.14360896e-2,8.83886710e-2,8.39696273e-2,8.05146798e-2,7.76136249e-2,7.51640946e-2,7.52556533e-2,8.05460647e-2,8.99860024e-2,9.51183498e-2,9.37926769e-2,9.01247397e-2,8.64483833e-2,8.22050586e-2,8.18437502e-2,9.62368622e-2,1.42489311e-1,2.30588326e-1,3.00010270e-1,3.24811292e-1,3.22800750e-1,3.17684364e-1,3.14040744e-1,3.13119680e-1,3.10797608e-1,3.08362848e-1,3.06294161e-1,3.04366165e-1,3.02241874e-1,"[0.0810073212,0.0910618916,0.0914360896,0.088388671,0.0839696273,0.0805146798,0.0776136249,0.0751640946,0.0752556533,0.0805460647,0.0899860024,0.0951183498,0.0937926769,0.0901247397,0.0864483833,0.0822050586,0.0818437502,0.0962368622,0.142489311,0.230588326,0.30001027,0.324811292,0.32280075,0.317684364,0.314040744,0.31311968,0.310797608,0.308362848,0.306294161,0.304366165,0.302241874]"
DB,agt,3018 Moonlight Supramat,#e2e3e4,0.9158800511872189,0.0015018987144154625,205.2532551172526,226,227,228,"[226, 227, 228]",1%,0%,0%,11%,"[1%, 0%, 0%, 11%]",90.26,-0.46,-0.25,"[90.26, -0.46, -0.25]",https://www.agtwood.com/products/panel/panel/supramat-panel/moonlight,https://www.agtwood.com/medium/Product/Image/f579270c-064b-489a-a954-b32005b701e4,Solid Laminates,SM (Super Matte),SL (Slab),V1 (Solid),T1 (Smooth),Solid Laminate,D65,10,M1,2026-08-20T21:02:32.295Z,Nix Spectro L,6.32613754e-1,7.17800617e-1,7.58423865e-1,7.71695960e-1,7.73237193e-1,7.75747097e-1,7.77924323e-1,7.77232301e-1,7.77533472e-1,7.78972995e-1,7.81026244e-1,7.78641796e-1,7.74615204e-1,7.70457077e-1,7.68313396e-1,7.64608347e-1,7.62121499e-1,7.63686156e-1,7.67301393e-1,7.69146073e-1,7.67856669e-1,7.65912282e-1,7.65167975e-1,7.64040184e-1,7.63245893e-1,7.67014945e-1,7.67694438e-1,7.68433249e-1,7.70100760e-1,7.72247076e-1,7.74251223e-1,"[0.632613754,0.717800617,0.758423865,0.77169596,0.773237193,0.775747097,0.777924323,0.777232301,0.777533472,0.778972995,0.781026244,0.778641796,0.774615204,0.770457077,0.768313396,0.764608347,0.762121499,0.763686156,0.767301393,0.769146073,0.767856669,0.765912282,0.765167975,0.764040184,0.763245893,0.767014945,0.767694438,0.768433249,0.77010076,0.772247076,0.774251223]"
DB,agt,3021 Ice Grey Supramat,#b9bbbb,0.7894565908335903,0.002102975042742508,196.0818232475185,185,187,187,"[185, 187, 187]",1%,0%,0%,27%,"[1%, 0%, 0%, 27%]",75.60,-0.68,-0.23,"[75.60, -0.68, -0.23]",https://www.agtwood.com/products/panel/panel/supramat-panel/ice-grey,https://www.agtwood.com/medium/Product/Image/f96269a8-17b4-4c41-8ecf-1192118e409f,Solid Laminates,SM (Super Matte),SL (Slab),V1 (Solid),T1 (Smooth),Solid Laminate,D65,10,M1,2026-08-20T21:03:13.540Z,Nix Spectro L,4.22953165e-1,4.72623843e-1,4.92307836e-1,4.97439229e-1,4.96113133e-1,4.96087003e-1,4.96438307e-1,4.95710021e-1,4.96346837e-1,4.98041022e-1,5.00249666e-1,4.99321336e-1,4.97175968e-1,4.94704843e-1,4.93445802e-1,4.91192663e-1,4.89441669e-1,4.90129250e-1,4.92167723e-1,4.93008435e-1,4.91420645e-1,4.88783419e-1,4.86697280e-1,4.84753776e-1,4.82931715e-1,4.83570409e-1,4.81933421e-1,4.80013663e-1,4.78622657e-1,4.77766556e-1,4.77145177e-1,"[0.422953165,0.472623843,0.492307836,0.497439229,0.496113133,0.496087003,0.496438307,0.495710021,0.496346837,0.498041022,0.500249666,0.499321336,0.497175968,0.494704843,0.493445802,0.491192663,0.489441669,0.49012925,0.492167723,0.493008435,0.491420645,0.488783419,0.48669728,0.484753776,0.482931715,0.483570409,0.481933421,0.480013663,0.478622657,0.477766556,0.477145177]"
DB,agt,3017 Timeless Grey Supramat,#898a8a,0.6328739582304176,0.002468303722162114,170.51484607929376,137,138,138,"[137, 138, 138]",1%,0%,0%,46%,"[1%, 0%, 0%, 46%]",57.45,-0.83,0.15,"[57.45, -0.83, 0.15]",https://www.agtwood.com/products/panel/panel/supramat-panel/timeless-grey,https://www.agtwood.com/medium/Product/Image/7151b5c4-858a-4c9a-92b7-59392b46b755,Solid Laminates,SM (Super Matte),SL (Slab),V1 (Solid),T1 (Smooth),Solid Laminate,D65,10,M1,2026-08-20T21:04:00.032Z,Nix Spectro L,2.24139208e-1,2.47402912e-1,2.54724044e-1,2.55940676e-1,2.54317588e-1,2.53474301e-1,2.52934861e-1,2.52134609e-1,2.52338272e-1,2.53321511e-1,2.55310696e-1,2.56259584e-1,2.56362540e-1,2.55868906e-1,2.55606776e-1,2.54619437e-1,2.53659338e-1,2.53800523e-1,2.54522079e-1,2.54402745e-1,2.52854985e-1,2.50657851e-1,2.48804885e-1,2.47291520e-1,2.45890319e-1,2.45631808e-1,2.44170570e-1,2.42502108e-1,2.41062307e-1,2.39954689e-1,2.39030707e-1,"[0.224139208,0.247402912,0.254724044,0.255940676,0.254317588,0.253474301,0.252934861,0.252134609,0.252338272,0.253321511,0.255310696,0.256259584,0.25636254,0.255868906,0.255606776,0.254619437,0.253659338,0.253800523,0.254522079,0.254402745,0.252854985,0.250657851,0.248804885,0.24729152,0.245890319,0.245631808,0.24417057,0.242502108,0.241062307,0.239954689,0.239030707]"
DB,agt,3024 Pebble Grey Supramat,#6d6d6d,0.534997217892965,0.0007078953597473116,181.4688157936439,109,109,109,"[109, 109, 109]",0%,0%,0%,57%,"[0%, 0%, 0%, 57%]",46.07,-0.24,-0.01,"[46.07, -0.24, -0.01]",https://www.agtwood.com/products/panel/panel/supramat-panel/pebble-grey,https://www.agtwood.com/medium/Product/Image/0f752ca0-0e92-4883-9c44-446c76597f22,Solid Laminates,SM (Super Matte),SL (Slab),V1 (Solid),T1 (Smooth),Solid Laminate,D65,10,M1,2026-08-20T21:04:48.705Z,Nix Spectro L,1.41177937e-1,1.53766021e-1,1.56101400e-1,1.55800328e-1,1.54327431e-1,1.53435424e-1,1.52758670e-1,1.52163669e-1,1.52402896e-1,1.53049043e-1,1.53997144e-1,1.54027513e-1,1.53714004e-1,1.53228962e-1,1.53120071e-1,1.52855930e-1,1.52733219e-1,1.53328416e-1,1.54246297e-1,1.54711729e-1,1.54152352e-1,1.52913484e-1,1.51687625e-1,1.50693727e-1,1.49833307e-1,1.49640423e-1,1.48695886e-1,1.47629914e-1,1.46692982e-1,1.45968619e-1,1.45357752e-1,"[0.141177937,0.153766021,0.1561014,0.155800328,0.154327431,0.153435424,0.15275867,0.152163669,0.152402896,0.153049043,0.153997144,0.154027513,0.153714004,0.153228962,0.153120071,0.15285593,0.152733219,0.153328416,0.154246297,0.154711729,0.154152352,0.152913484,0.151687625,0.150693727,0.149833307,0.149640423,0.148695886,0.147629914,0.146692982,0.145968619,0.145357752]"
DB,agt,3023 Dolphin Grey Supramat,#4d4c4d,0.418845099657962,0.0011054198871525043,312.35353312935683,77,76,77,"[77, 76, 77]",0%,1%,0%,70%,"[0%, 1%, 0%, 70%]",32.57,0.26,-0.31,"[32.57, 0.26, -0.31]",https://www.agtwood.com/products/panel/panel/supramat-panel/dolphin-grey,https://www.agtwood.com/medium/Product/Image/a67f9076-678b-4840-b838-9e147ba874d1,Solid Laminates,SM (Super Matte),SL (Slab),V1 (Solid),T1 (Smooth),Solid Laminate,D65,10,M1,2026-08-20T21:05:35.990Z,Nix Spectro L,7.15442181e-2,7.69819960e-2,7.71534458e-2,7.64459819e-2,7.53772974e-2,7.45238096e-2,7.37006307e-2,7.29765266e-2,7.27279261e-2,7.27284178e-2,7.32585087e-2,7.35875264e-2,7.36041680e-2,7.33984962e-2,7.32689649e-2,7.29833260e-2,7.26904035e-2,7.28807479e-2,7.36445829e-2,7.46135145e-2,7.48762950e-2,7.43430153e-2,7.35790715e-2,7.30121046e-2,7.26159871e-2,7.25927159e-2,7.22273678e-2,7.17742398e-2,7.13232964e-2,7.09588349e-2,7.05974564e-2,"[0.0715442181,0.076981996,0.0771534458,0.0764459819,0.0753772974,0.0745238096,0.0737006307,0.0729765266,0.0727279261,0.0727284178,0.0732585087,0.0735875264,0.073604168,0.0733984962,0.0732689649,0.072983326,0.0726904035,0.0728807479,0.0736445829,0.0746135145,0.074876295,0.0743430153,0.0735790715,0.0730121046,0.0726159871,0.0725927159,0.0722273678,0.0717742398,0.0713232964,0.0709588349,0.0705974564]"
DB,agt,3019 Sahara Cream Supramat,#c6beb5,0.805528951421424,0.014810571682433443,71.98252487170356,198,190,181,"[198, 190, 181]",0%,4%,9%,22%,"[0%, 4%, 9%, 22%]",77.45,1.57,5.42,"[77.45, 1.57, 5.42]",https://www.agtwood.com/products/panel/panel/supramat-panel/sahara-cream,https://www.agtwood.com/medium/Product/Image/94a925a1-13d2-4d68-837f-ab5f0597d443,Solid Laminates,SM (Super Matte),SL (Slab),V1 (Solid),T1 (Smooth),Solid Laminate,D65,10,M1,2026-08-20T21:06:33.424Z,Nix Spectro L,4.01703435e-1,4.49292278e-1,4.67283839e-1,4.72053576e-1,4.70895869e-1,4.71041745e-1,4.71915811e-1,4.72310090e-1,4.74853802e-1,4.79708213e-1,4.87296796e-1,4.94468319e-1,5.01144779e-1,5.06590438e-1,5.11985207e-1,5.17373693e-1,5.25763369e-1,5.36336660e-1,5.44428718e-1,5.49098349e-1,5.49590755e-1,5.47861683e-1,5.46343350e-1,5.44330299e-1,5.41896939e-1,5.42105031e-1,5.40024972e-1,5.37941694e-1,5.36457717e-1,5.35579634e-1,5.34959507e-1,"[0.401703435,0.449292278,0.467283839,0.472053576,0.470895869,0.471041745,0.471915811,0.47231009,0.474853802,0.479708213,0.487296796,0.494468319,0.501144779,0.506590438,0.511985207,0.517373693,0.525763369,0.53633666,0.544428718,0.549098349,0.549590755,0.547861683,0.54634335,0.544330299,0.541896939,0.542105031,0.540024972,0.537941694,0.536457717,0.535579634,0.534959507]"
DB,agt,3025 Bitter Supramat,#474140,0.3803481733452102,0.008387171321864402,27.27445817550506,71,65,64,"[71, 65, 64]",0%,8%,10%,72%,"[0%, 8%, 10%, 72%]",28.05,2.52,1.50,"[28.05, 2.52, 1.50]",https://www.agtwood.com/products/panel/panel/supramat-panel/bitter,https://www.agtwood.com/medium/Product/Image/563b2aef-b521-4186-8252-171430621488,Solid Laminates,SM (Super Matte),SL (Slab),V1 (Solid),T1 (Smooth),Solid Laminate,D65,10,M1,2026-08-20T21:07:19.014Z,Nix Spectro L,5.07862687e-2,5.42219810e-2,5.37739307e-2,5.30323580e-2,5.22453733e-2,5.16107149e-2,5.10174893e-2,5.06038353e-2,5.06653585e-2,5.09703532e-2,5.15179701e-2,5.17169982e-2,5.17729901e-2,5.17765433e-2,5.19553602e-2,5.22904210e-2,5.30189134e-2,5.44163018e-2,5.65531895e-2,5.95151067e-2,6.13835931e-2,6.15242884e-2,6.08330496e-2,6.02166995e-2,5.97465448e-2,5.95750503e-2,5.91368414e-2,5.86726978e-2,5.82423151e-2,5.78888059e-2,5.75393409e-2,"[0.0507862687,0.054221981,0.0537739307,0.053032358,0.0522453733,0.0516107149,0.0510174893,0.0506038353,0.0506653585,0.0509703532,0.0515179701,0.0517169982,0.0517729901,0.0517765433,0.0519553602,0.052290421,0.0530189134,0.0544163018,0.0565531895,0.0595151067,0.0613835931,0.0615242884,0.0608330496,0.0602166995,0.0597465448,0.0595750503,0.0591368414,0.0586726978,0.0582423151,0.0578888059,0.0575393409]"
DB,agt,3027 Forest Green Supramat,#535c5b,0.46534166567412455,0.0113438408492503,189.8357534683313,83,92,91,"[83, 92, 91]",10%,0%,1%,64%,"[10%, 0%, 1%, 64%]",38.11,-3.78,-0.77,"[38.11, -3.78, -0.77]",https://www.agtwood.com/products/panel/panel/supramat-panel/forest-green,https://www.agtwood.com/medium/Product/Image/d11b4e53-39fd-4f35-ad25-9b46a59b8d47,Solid Laminates,SM (Super Matte),SL (Slab),V1 (Solid),T1 (Smooth),Solid Laminate,D65,10,M1,2026-08-20T21:08:02.322Z,Nix Spectro L,6.90764025e-2,8.13836381e-2,8.88032734e-2,9.32847530e-2,9.67215449e-2,1.00156222e-1,1.04544832e-1,1.09805715e-1,1.17351991e-1,1.28937888e-1,1.37299806e-1,1.34766856e-1,1.25781047e-1,1.15459847e-1,1.04932010e-1,9.27468121e-2,8.24003994e-2,7.85102874e-2,8.03377837e-2,8.64334792e-2,9.22708467e-2,9.88359094e-2,1.06879143e-1,1.12708491e-1,1.16935518e-1,1.22076365e-1,1.26045236e-1,1.26293591e-1,1.22186549e-1,1.17764816e-1,1.12579340e-1,"[0.0690764025,0.0813836381,0.0888032734,0.093284753,0.0967215449,0.100156222,0.104544832,0.109805715,0.117351991,0.128937888,0.137299806,0.134766856,0.125781047,0.115459847,0.10493201,0.0927468121,0.0824003994,0.0785102874,0.0803377837,0.0864334792,0.0922708467,0.0988359094,0.106879143,0.112708491,0.116935518,0.122076365,0.126045236,0.126293591,0.122186549,0.117764816,0.11257934]"
DB,agt,3015 Macaron Green Supramat,#8e9b9b,0.6794728760015475,0.015716897363016256,197.14640045569615,142,155,155,"[142, 155, 155]",8%,0%,0%,39%,"[8%, 0%, 0%, 39%]",62.98,-5.06,-1.80,"[62.98, -5.06, -1.80]",https://www.agtwood.com/products/panel/panel/supramat-panel/macaron-green,https://www.agtwood.com/medium/Product/Image/54102c26-08a6-48e8-996a-6d28a4428a9c,Solid Laminates,SM (Super Matte),SL (Slab),V1 (Solid),T1 (Smooth),Solid Laminate,D65,10,M1,2026-08-20T21:08:49.276Z,Nix Spectro L,2.76891130e-1,3.08941352e-1,3.22108859e-1,3.26383179e-1,3.26675922e-1,3.27756387e-1,3.29316586e-1,3.30415767e-1,3.33038431e-1,3.38307869e-1,3.45034283e-1,3.47634989e-1,3.45267528e-1,3.40153158e-1,3.33530551e-1,3.23148251e-1,3.11231720e-1,3.02046263e-1,2.96052319e-1,2.90253830e-1,2.85748744e-1,2.85636204e-1,2.89067966e-1,2.91308445e-1,2.91985071e-1,2.93455595e-1,2.92530197e-1,2.88933122e-1,2.83176774e-1,2.77776068e-1,2.72554123e-1,"[0.27689113,0.308941352,0.322108859,0.326383179,0.326675922,0.327756387,0.329316586,0.330415767,0.333038431,0.338307869,0.345034283,0.347634989,0.345267528,0.340153158,0.333530551,0.323148251,0.31123172,0.302046263,0.296052319,0.29025383,0.285748744,0.285636204,0.289067966,0.291308445,0.291985071,0.293455595,0.292530197,0.288933122,0.283176774,0.277776068,0.272554123]"
DB,agt,3029 Glamorous Pacific Supramat,#334c57,0.4003272807124558,0.036240441110542934,227.65540546187117,51,76,87,"[51, 76, 87]",41%,13%,0%,66%,"[41%, 13%, 0%, 66%]",30.57,-7.50,-9.96,"[30.57, -7.50, -9.96]",https://www.agtwood.com/products/panel/panel/supramat-panel/glamorous-pacific,https://www.agtwood.com/medium/Product/Image/96ee5c4a-56ba-4991-9f2a-c1be22815cfe,Solid Laminates,SM (Super Matte),SL (Slab),V1 (Solid),T1 (Smooth),Solid Laminate,D65,10,M1,2026-08-20T21:09:55.460Z,Nix Spectro L,6.02519892e-2,7.27077037e-2,8.24637130e-2,8.74567643e-2,9.07193750e-2,9.32911366e-2,9.51839820e-2,9.63302895e-2,9.72747028e-2,9.79546577e-2,9.61623594e-2,9.02418315e-2,8.30580786e-2,7.65030444e-2,7.09881946e-2,6.49833128e-2,5.88550180e-2,5.45646772e-2,5.26488185e-2,5.11468820e-2,4.90882725e-2,4.65286285e-2,4.43080865e-2,4.33517881e-2,4.33976583e-2,4.43526633e-2,4.56711948e-2,4.72838528e-2,4.89216968e-2,5.03600582e-2,5.13782054e-2,"[0.0602519892,0.0727077037,0.082463713,0.0874567643,0.090719375,0.0932911366,0.095183982,0.0963302895,0.0972747028,0.0979546577,0.0961623594,0.0902418315,0.0830580786,0.0765030444,0.0709881946,0.0649833128,0.058855018,0.0545646772,0.0526488185,0.051146882,0.0490882725,0.0465286285,0.0443080865,0.0433517881,0.0433976583,0.0443526633,0.0456711948,0.0472838528,0.0489216968,0.0503600582,0.0513782054]"
DB,agt,3011 London Blues Supramat,#343841,0.34038812133611307,0.01712216402786601,267.181348340702,52,56,65,"[52, 56, 65]",20%,14%,0%,75%,"[20%, 14%, 0%, 75%]",23.39,0.04,-6.38,"[23.39, 0.04, -6.38]",https://www.agtwood.com/products/panel/panel/supramat-panel/london-blue,https://www.agtwood.com/medium/Product/Image/585a7be7-db24-4782-80a6-28bc15611532,Solid Laminates,SM (Super Matte),SL (Slab),V1 (Solid),T1 (Smooth),Solid Laminate,D65,10,M1,2026-08-20T21:10:39.095Z,Nix Spectro L,4.72448990e-2,5.16517565e-2,5.29440716e-2,5.31507969e-2,5.29491432e-2,5.25473937e-2,5.18008254e-2,5.08266933e-2,4.97904569e-2,4.83741246e-2,4.67018470e-2,4.44365799e-2,4.22276184e-2,4.04413112e-2,3.92917112e-2,3.82575706e-2,3.71141538e-2,3.63993488e-2,3.63849722e-2,3.66217136e-2,3.67087349e-2,3.66869837e-2,3.67014818e-2,3.67877163e-2,3.69829424e-2,3.73852655e-2,3.75210196e-2,3.73694457e-2,3.69766712e-2,3.66006054e-2,3.61694396e-2,"[0.047244899,0.0516517565,0.0529440716,0.0531507969,0.0529491432,0.0525473937,0.0518008254,0.0508266933,0.0497904569,0.0483741246,0.046701847,0.0444365799,0.0422276184,0.0404413112,0.0392917112,0.0382575706,0.0371141538,0.0363993488,0.0363849722,0.0366217136,0.0367087349,0.0366869837,0.0367014818,0.0367877163,0.0369829424,0.0373852655,0.0375210196,0.0373694457,0.0369766712,0.0366006054,0.0361694396]"
DB,agt,3026 Rustic Red Supramat,#633e3d,0.40807473935330835,0.052456223662766754,20.956132148133406,99,62,61,"[99, 62, 61]",0%,37%,38%,61%,"[0%, 37%, 38%, 61%]",30.81,16.64,7.60,"[30.81, 16.64, 7.60]",https://www.agtwood.com/products/panel/panel/supramat-panel/rustic-red,https://www.agtwood.com/medium/Product/Image/09bc7468-39e8-464b-9191-fa85b51b1848,Solid Laminates,SM (Super Matte),SL (Slab),V1 (Solid),T1 (Smooth),Solid Laminate,D65,10,M1,2026-08-20T21:11:22.715Z,Nix Spectro L,4.31284666e-2,5.00549503e-2,5.17844625e-2,5.22984795e-2,5.19575119e-2,5.03552772e-2,4.80360225e-2,4.56709474e-2,4.40917782e-2,4.52690683e-2,4.85424750e-2,4.91985872e-2,4.73600715e-2,4.56258595e-2,4.48726401e-2,4.55305375e-2,5.01689956e-2,6.04450062e-2,7.34309986e-2,8.94288838e-2,1.01516765e-1,1.09813444e-1,1.17539568e-1,1.22950797e-1,1.26739222e-1,1.31658402e-1,1.35273820e-1,1.34206739e-1,1.27726135e-1,1.21045211e-1,1.13629571e-1,"[0.0431284666,0.0500549503,0.0517844625,0.0522984795,0.0519575119,0.0503552772,0.0480360225,0.0456709474,0.0440917782,0.0452690683,0.048542475,0.0491985872,0.0473600715,0.0456258595,0.0448726401,0.0455305375,0.0501689956,0.0604450062,0.0734309986,0.0894288838,0.101516765,0.109813444,0.117539568,0.122950797,0.126739222,0.131658402,0.13527382,0.134206739,0.127726135,0.121045211,0.113629571]"
DB,agt,3016 Pink Daisy Supramat,#ad8e89,0.674280441352827,0.03739940691100941,28.905297022479147,173,142,137,"[173, 142, 137]",0%,18%,21%,32%,"[0%, 18%, 21%, 32%]",61.89,11.15,7.12,"[61.89, 11.15, 7.12]",https://www.agtwood.com/products/panel/panel/supramat-panel/pink-daisy,https://www.agtwood.com/medium/Product/Image/b9594b22-b591-4248-b7b6-7930487de916,Solid Laminates,SM (Super Matte),SL (Slab),V1 (Solid),T1 (Smooth),Solid Laminate,D65,10,M1,2026-08-20T21:12:10.870Z,Nix Spectro L,1.56849736e-1,1.93946591e-1,2.19678485e-1,2.34499893e-1,2.45305380e-1,2.54458845e-1,2.63283700e-1,2.71928078e-1,2.82929915e-1,2.97745997e-1,3.03687340e-1,2.91867596e-1,2.76365268e-1,2.64037859e-1,2.56443399e-1,2.52961093e-1,2.59857076e-1,2.79013127e-1,3.03793156e-1,3.38548934e-1,3.69449812e-1,3.95991415e-1,4.20227838e-1,4.34776884e-1,4.43266058e-1,4.52819037e-1,4.57643068e-1,4.54778427e-1,4.43882537e-1,4.32948172e-1,4.21484160e-1,"[0.156849736,0.193946591,0.219678485,0.234499893,0.24530538,0.254458845,0.2632837,0.271928078,0.282929915,0.297745997,0.30368734,0.291867596,0.276365268,0.264037859,0.256443399,0.252961093,0.259857076,0.279013127,0.303793156,0.338548934,0.369449812,0.395991415,0.420227838,0.434776884,0.443266058,0.452819037,0.457643068,0.454778427,0.443882537,0.432948172,0.42148416]"
DB,agt,3038 Vermont Oak Matt,#584e48,0.4305728187331133,0.016668424111097892,51.44424934601881,88,78,72,"[88, 78, 72]",0%,11%,18%,65%,"[0%, 11%, 18%, 65%]",33.88,3.60,5.09,"[33.88, 3.60, 5.09]",https://www.agtwood.com/products/panel/panel/trendy-panel/vermont-oak,https://www.agtwood.com/medium/Product/Image/699a7edb-d78e-43fd-9add-84effb1054ba,Textured Laminates,MT (Matte),SL (Slab),V2 (Straight Grain),T3 (Linear Grain),Textured Laminate,D65,10,M1,2026-08-20T21:13:07.449Z,Nix Spectro L,8.39138806e-2,8.49145807e-2,7.77065217e-2,7.21821964e-2,6.71730004e-2,6.36693396e-2,6.17562927e-2,6.12647295e-2,6.27685711e-2,6.65534034e-2,7.17504755e-2,7.54386321e-2,7.68879257e-2,7.69503355e-2,7.63485461e-2,7.50431389e-2,7.38527268e-2,7.46101715e-2,7.87824497e-2,8.64766970e-2,9.24494043e-2,9.48528275e-2,9.53544736e-2,9.56381321e-2,9.63857591e-2,9.82058465e-2,9.97666553e-2,1.01019621e-1,1.01872934e-1,1.02668525e-1,1.03141615e-1,"[0.0839138806,0.0849145807,0.0777065217,0.0721821964,0.0671730004,0.0636693396,0.0617562927,0.0612647295,0.0627685711,0.0665534034,0.0717504755,0.0754386321,0.0768879257,0.0769503355,0.0763485461,0.0750431389,0.0738527268,0.0746101715,0.0787824497,0.086476697,0.0924494043,0.0948528275,0.0953544736,0.0956381321,0.0963857591,0.0982058465,0.0997666553,0.101019621,0.101872934,0.102668525,0.103141615]"
DB,agt,3037 Texas Oak Matt,#695648,0.46874366107765536,0.033012950013358994,57.5571436442475,105,86,72,"[105, 86, 72]",0%,18%,31%,59%,"[0%, 18%, 31%, 59%]",38.27,6.41,11.07,"[38.27, 6.41, 11.07]",https://www.agtwood.com/products/panel/panel/trendy-panel/texas-oak,https://www.agtwood.com/medium/Product/Image/4284324a-c57c-49a7-a45d-fb0542a3561f,Textured Laminates,MT (Matte),SL (Slab),V2 (Straight Grain),T3 (Linear Grain),Textured Laminate,D65,10,M1,2026-08-20T21:14:01.172Z,Nix Spectro L,4.45191689e-2,5.55355534e-2,6.26837552e-2,6.59534961e-2,6.78803235e-2,6.93143122e-2,7.04339251e-2,7.13611744e-2,7.31718510e-2,7.73532614e-2,8.38391945e-2,8.95288117e-2,9.23668310e-2,9.33522120e-2,9.29255754e-2,9.15107362e-2,9.18042898e-2,9.59418029e-2,1.04977334e-1,1.20001107e-1,1.31267458e-1,1.35775970e-1,1.36907607e-1,1.37323107e-1,1.37975824e-1,1.40110354e-1,1.42167126e-1,1.44050817e-1,1.45269394e-1,1.46255942e-1,1.46651280e-1,"[0.0445191689,0.0555355534,0.0626837552,0.0659534961,0.0678803235,0.0693143122,0.0704339251,0.0713611744,0.073171851,0.0773532614,0.0838391945,0.0895288117,0.092366831,0.093352212,0.0929255754,0.0915107362,0.0918042898,0.0959418029,0.104977334,0.120001107,0.131267458,0.13577597,0.136907607,0.137323107,0.137975824,0.140110354,0.142167126,0.144050817,0.145269394,0.146255942,0.14665128]"
DB,agt,3041 Peru Oak Matt,#957a63,0.5992327285222905,0.04830590165846101,61.974465028812006,149,122,99,"[149, 122, 99]",0%,18%,34%,42%,"[0%, 18%, 34%, 42%]",53.40,8.46,17.08,"[53.40, 8.46, 17.08]",https://www.agtwood.com/products/panel/panel/trendy-panel/peru-oak,https://www.agtwood.com/medium/Product/Image/3885efac-a042-422a-9746-34ecf5630875,Textured Laminates,MT (Matte),SL (Slab),V2 (Straight Grain),T3 (Linear Grain),Textured Laminate,D65,10,M1,2026-08-20T21:14:51.125Z,Nix Spectro L,1.06973024e-1,1.22634627e-1,1.28264910e-1,1.29665621e-1,1.28964561e-1,1.29110390e-1,1.30965160e-1,1.34176229e-1,1.40959702e-1,1.54234305e-1,1.71624908e-1,1.85360330e-1,1.92184657e-1,1.94485798e-1,1.93541983e-1,1.90306607e-1,1.90361646e-1,1.98788762e-1,2.19369447e-1,2.55131367e-1,2.82106313e-1,2.91863799e-1,2.92479444e-1,2.91687655e-1,2.91499168e-1,2.94184124e-1,2.96507549e-1,2.98774058e-1,3.00383085e-1,3.01755023e-1,3.02286887e-1,"[0.106973024,0.122634627,0.12826491,0.129665621,0.128964561,0.12911039,0.13096516,0.134176229,0.140959702,0.154234305,0.171624908,0.18536033,0.192184657,0.194485798,0.193541983,0.190306607,0.190361646,0.198788762,0.219369447,0.255131367,0.282106313,0.291863799,0.292479444,0.291687655,0.291499168,0.294184124,0.296507549,0.298774058,0.300383085,0.301755023,0.302286887]"
DB,agt,3042 Akra Oak Matt,#7b726c,0.5586786068200761,0.013830910093054347,58.92291792463243,123,114,108,"[123, 114, 108]",0%,7%,12%,52%,"[0%, 7%, 12%, 52%]",48.78,2.45,4.59,"[48.78, 2.45, 4.59]",https://www.agtwood.com/products/panel/panel/trendy-panel/akra-oak,https://www.agtwood.com/medium/Product/Image/0a45ef2c-bd6d-4857-bd9e-4a63695df3e9,Textured Laminates,MT (Matte),SL (Slab),V2 (Straight Grain),T3 (Linear Grain),Textured Laminate,D65,10,M1,2026-08-20T21:16:18.915Z,Nix Spectro L,1.35817491e-1,1.50563067e-1,1.54400343e-1,1.54372638e-1,1.52170780e-1,1.50854349e-1,1.50967881e-1,1.51955017e-1,1.55261937e-1,1.62285724e-1,1.70790854e-1,1.75198168e-1,1.75077605e-1,1.72752661e-1,1.69384739e-1,1.64377072e-1,1.60402358e-1,1.61368018e-1,1.69476718e-1,1.84490830e-1,1.95283902e-1,1.98391750e-1,1.97920105e-1,1.97463208e-1,1.97837359e-1,2.00369513e-1,2.02622113e-1,2.04486197e-1,2.05653214e-1,2.06654054e-1,2.07011506e-1,"[0.135817491,0.150563067,0.154400343,0.154372638,0.15217078,0.150854349,0.150967881,0.151955017,0.155261937,0.162285724,0.170790854,0.175198168,0.175077605,0.172752661,0.169384739,0.164377072,0.160402358,0.161368018,0.169476718,0.18449083,0.195283902,0.19839175,0.197920105,0.197463208,0.197837359,0.200369513,0.202622113,0.204486197,0.205653214,0.206654054,0.207011506]"
DB,agt,239 Light Walnut Matt,#896e5e,0.5602944943174523,0.04163243364015938,53.892581694347484,137,110,94,"[137, 110, 94]",0%,20%,31%,46%,"[0%, 20%, 31%, 46%]",48.83,8.82,13.39,"[48.83, 8.82, 13.39]",https://www.agtwood.com/products/panel/panel/trendy-panel/light-walnut,https://www.agtwood.com/medium/Product/Image/bf84c29f-ca0a-4567-99f1-221eef509c4a,Textured Laminates,MT (Matte),SL (Slab),V3 (Cathedral Grain),T3 (Linear Grain),Textured Laminate,D65,10,M1,2026-08-20T21:17:07.676Z,Nix Spectro L,1.01807027e-1,1.14489654e-1,1.17169435e-1,1.16700366e-1,1.15069374e-1,1.14559750e-1,1.15518339e-1,1.17673983e-1,1.22854842e-1,1.33217987e-1,1.46153903e-1,1.54839423e-1,1.57797492e-1,1.57617375e-1,1.55592787e-1,1.52049422e-1,1.51238427e-1,1.57996920e-1,1.76298055e-1,2.08523589e-1,2.32909188e-1,2.41512257e-1,2.41661042e-1,2.40835831e-1,2.40862504e-1,2.43504792e-1,2.45879826e-1,2.48094589e-1,2.49666986e-1,2.51011267e-1,2.51571286e-1,"[0.101807027,0.114489654,0.117169435,0.116700366,0.115069374,0.11455975,0.115518339,0.117673983,0.122854842,0.133217987,0.146153903,0.154839423,0.157797492,0.157617375,0.155592787,0.152049422,0.151238427,0.15799692,0.176298055,0.208523589,0.232909188,0.241512257,0.241661042,0.240835831,0.240862504,0.243504792,0.245879826,0.248094589,0.249666986,0.251011267,0.251571286]"
DB,agt,3039 Delphi Oak Matt,#b59c83,0.708392976442228,0.04608459982096481,68.02057164118185,181,156,131,"[181, 156, 131]",0%,14%,28%,29%,"[0%, 14%, 28%, 29%]",66.14,6.47,16.94,"[66.14, 6.47, 16.94]",https://www.agtwood.com/products/panel/panel/trendy-panel/delphi-oak,https://www.agtwood.com/medium/Product/Image/f694c4c8-4e5e-4c22-b7b5-98378d4ceaa8,Textured Laminates,MT (Matte),SL (Slab),V2 (Straight Grain),T3 (Linear Grain),Textured Laminate,D65,10,M1,2026-08-20T21:17:54.315Z,Nix Spectro L,2.01336876e-1,2.26598254e-1,2.34818000e-1,2.36413333e-1,2.33584064e-1,2.32568577e-1,2.35325509e-1,2.40483159e-1,2.51182714e-1,2.71500748e-1,2.97813731e-1,3.19046992e-1,3.30329144e-1,3.34585196e-1,3.33667803e-1,3.28712904e-1,3.27475441e-1,3.36721206e-1,3.61339790e-1,4.04928857e-1,4.37551874e-1,4.48749417e-1,4.48656750e-1,4.46789533e-1,4.45529962e-1,4.48091489e-1,4.49804246e-1,4.51748770e-1,4.53484923e-1,4.55112112e-1,4.55899090e-1,"[0.201336876,0.226598254,0.234818,0.236413333,0.233584064,0.232568577,0.235325509,0.240483159,0.251182714,0.271500748,0.297813731,0.319046992,0.330329144,0.334585196,0.333667803,0.328712904,0.327475441,0.336721206,0.36133979,0.404928857,0.437551874,0.448749417,0.44865675,0.446789533,0.445529962,0.448091489,0.449804246,0.45174877,0.453484923,0.455112112,0.45589909]"
DB,agt,248 Teak Matt,#9f7958,0.6058801440059756,0.06603873931592237,62.97557613582927,159,121,88,"[159, 121, 88]",0%,24%,45%,38%,"[0%, 24%, 45%, 38%]",54.12,11.66,24.11,"[54.12, 11.66, 24.11]",https://www.agtwood.com/products/panel/panel/trendy-panel/teak,https://www.agtwood.com/medium/Product/Image/5cba77fd-6f14-435f-b794-2aed7a8f99a9,Textured Laminates,MT (Matte),SL (Slab),V2 (Straight Grain),,Textured Laminate,D65,10,M1,2026-08-20T21:18:38.100Z,Nix Spectro L,1.07803785e-1,1.18268146e-1,1.16227753e-1,1.12420118e-1,1.08050115e-1,1.05729488e-1,1.05683853e-1,1.07602446e-1,1.14078313e-1,1.29148501e-1,1.52960470e-1,1.76143044e-1,1.89849141e-1,1.96048430e-1,1.96331516e-1,1.92200229e-1,1.90255535e-1,1.98314765e-1,2.25378862e-1,2.76715791e-1,3.16346163e-1,3.30402327e-1,3.30071586e-1,3.27774680e-1,3.26320547e-1,3.27938467e-1,3.28988427e-1,3.30259818e-1,3.31351459e-1,3.32312262e-1,3.32555330e-1,"[0.107803785,0.118268146,0.116227753,0.112420118,0.108050115,0.105729488,0.105683853,0.107602446,0.114078313,0.129148501,0.15296047,0.176143044,0.189849141,0.19604843,0.196331516,0.192200229,0.190255535,0.198314765,0.225378862,0.276715791,0.316346163,0.330402327,0.330071586,0.32777468,0.326320547,0.327938467,0.328988427,0.330259818,0.331351459,0.332312262,0.33255533]"
DB,agt,389 Dark Wood Toledo,#685b55,0.4828674241300129,0.019775621377683624,50.159313426277606,104,91,85,"[104, 91, 85]",0%,12%,18%,59%,"[0%, 12%, 18%, 59%]",39.93,4.39,5.93,"[39.93, 4.39, 5.93]",https://www.agtwood.com/products/panel/panel/trendy-panel/toledo-dark-wood,https://www.agtwood.com/medium/Product/Image/17d30d60-0b57-47e7-96d9-5ce039810661,Textured Laminates,MT (Matte),SL (Slab),V2 (Straight Grain),T3 (Linear Grain),Textured Laminate,D65,10,M1,2026-08-20T21:19:24.829Z,Nix Spectro L,7.89124772e-2,8.83640021e-2,9.13613781e-2,9.20245439e-2,9.17407095e-2,9.16488707e-2,9.18546155e-2,9.23590258e-2,9.39819917e-2,9.71521914e-2,1.01080021e-1,1.03550893e-1,1.04516973e-1,1.04698834e-1,1.04595068e-1,1.04306297e-1,1.05305026e-1,1.08733863e-1,1.14765884e-1,1.23954888e-1,1.30872868e-1,1.33972734e-1,1.35103180e-1,1.35625923e-1,1.36358435e-1,1.38304007e-1,1.39949362e-1,1.41536111e-1,1.42828433e-1,1.44010562e-1,1.44809777e-1,"[0.0789124772,0.0883640021,0.0913613781,0.0920245439,0.0917407095,0.0916488707,0.0918546155,0.0923590258,0.0939819917,0.0971521914,0.101080021,0.103550893,0.104516973,0.104698834,0.104595068,0.104306297,0.105305026,0.108733863,0.114765884,0.123954888,0.130872868,0.133972734,0.13510318,0.135625923,0.136358435,0.138304007,0.139949362,0.141536111,0.142828433,0.144010562,0.144809777]"
DB,agt,388 Light Wood Toledo,#86705f,0.5612111554602774,0.0375435620426689,58.53087684433518,134,112,95,"[134, 112, 95]",0%,16%,29%,47%,"[0%, 16%, 29%, 47%]",48.99,7.09,12.70,"[48.99, 7.09, 12.70]",https://www.agtwood.com/products/panel/panel/trendy-panel/toledo-light-wood,https://www.agtwood.com/medium/Product/Image/250c3e99-6b73-440c-bf8b-e68e34c6400b,Textured Laminates,MT (Matte),SL (Slab),V2 (Straight Grain),T3 (Linear Grain),Textured Laminate,D65,10,M1,2026-08-20T21:20:42.601Z,Nix Spectro L,1.04608653e-1,1.17139302e-1,1.19962887e-1,1.19943877e-1,1.18820180e-1,1.18627504e-1,1.19670573e-1,1.21769960e-1,1.26502082e-1,1.35390043e-1,1.46566403e-1,1.54968366e-1,1.59166285e-1,1.60680622e-1,1.60463509e-1,1.59092355e-1,1.60083935e-1,1.66512445e-1,1.80441555e-1,2.03952190e-1,2.22022662e-1,2.29476514e-1,2.31114545e-1,2.31414926e-1,2.32101300e-1,2.34960455e-1,2.37410590e-1,2.39917728e-1,2.42058527e-1,2.44008058e-1,2.45312020e-1,"[0.104608653,0.117139302,0.119962887,0.119943877,0.11882018,0.118627504,0.119670573,0.12176996,0.126502082,0.135390043,0.146566403,0.154968366,0.159166285,0.160680622,0.160463509,0.159092355,0.160083935,0.166512445,0.180441555,0.20395219,0.222022662,0.229476514,0.231114545,0.231414926,0.2321013,0.234960455,0.23741059,0.239917728,0.242058527,0.244008058,0.24531202]"
DB,agt,397 Oak Natural Touch,#b09573,0.6856934036146801,0.05779133257125428,72.5473137705743,176,149,115,"[176, 149, 115]",0%,15%,35%,31%,"[0%, 15%, 35%, 31%]",63.54,6.98,22.17,"[63.54, 6.98, 22.17]",https://www.agtwood.com/products/panel/panel/trendy-panel/natural-touch-oak,https://www.agtwood.com/medium/Product/Image/f2eba50c-22ed-4817-b4c9-92033f9f1d23,Textured Laminates,MT (Matte),SL (Slab),V2 (Straight Grain),T3 (Linear Grain),Textured Laminate,D65,10,M1,2026-08-20T21:21:46.025Z,Nix Spectro L,1.90260157e-1,1.93795863e-1,1.77736151e-1,1.68696818e-1,1.63341576e-1,1.65369347e-1,1.76942500e-1,1.96780947e-1,2.27692848e-1,2.69025850e-1,2.97384620e-1,2.99667513e-1,2.94291425e-1,2.87857309e-1,2.82650054e-1,2.80288309e-1,2.88133752e-1,3.07733011e-1,3.35532373e-1,3.76690072e-1,4.09017587e-1,4.24379200e-1,4.29923463e-1,4.31215459e-1,4.31202358e-1,4.33589405e-1,4.34082919e-1,4.34145683e-1,4.33849639e-1,4.33833790e-1,4.33625311e-1,"[0.190260157,0.193795863,0.177736151,0.168696818,0.163341576,0.165369347,0.1769425,0.196780947,0.227692848,0.26902585,0.29738462,0.299667513,0.294291425,0.287857309,0.282650054,0.280288309,0.288133752,0.307733011,0.335532373,0.376690072,0.409017587,0.4243792,0.429923463,0.431215459,0.431202358,0.433589405,0.434082919,0.434145683,0.433849639,0.43383379,0.433625311]"
DB,agt,737 Sienna Wood Soft Touch,#756049,0.5038864203612429,0.044170918901102314,68.44540603578548,117,96,73,"[117, 96, 73]",0%,18%,38%,54%,"[0%, 18%, 38%, 54%]",42.41,6.35,16.56,"[42.41, 6.35, 16.56]",https://www.agtwood.com/products/panel/panel/trendy-panel/soft-touch-siena-wood,https://www.agtwood.com/medium/Product/Image/f353ea67-9e47-496c-ae8c-54177c54e815,Textured Laminates,MT (Matte),SL (Slab),V3 (Cathedral Grain),,Textured Laminate,D65,10,M1,2026-08-20T21:22:34.065Z,Nix Spectro L,5.83485670e-2,6.63325131e-2,6.87056467e-2,6.96387880e-2,7.01404907e-2,7.09696718e-2,7.25178890e-2,7.49419123e-2,7.93652773e-2,8.68076980e-2,9.59361941e-2,1.03750728e-1,1.09201279e-1,1.12730724e-1,1.14739680e-1,1.16488722e-1,1.20929210e-1,1.28687105e-1,1.38871038e-1,1.53043284e-1,1.63267705e-1,1.67218354e-1,1.68073049e-1,1.68074995e-1,1.68106642e-1,1.69526523e-1,1.70748940e-1,1.72135523e-1,1.73263088e-1,1.74294502e-1,1.74910519e-1,"[0.058348567,0.0663325131,0.0687056467,0.069638788,0.0701404907,0.0709696718,0.072517889,0.0749419123,0.0793652773,0.086807698,0.0959361941,0.103750728,0.109201279,0.112730724,0.11473968,0.116488722,0.12092921,0.128687105,0.138871038,0.153043284,0.163267705,0.167218354,0.168073049,0.168074995,0.168106642,0.169526523,0.17074894,0.172135523,0.173263088,0.174294502,0.174910519]"
DB,agt,627 Milano Walnut HG,#775e46,0.502182796571349,0.048606591560027355,65.77170105113515,119,94,70,"[119, 94, 70]",0%,21%,41%,53%,"[0%, 21%, 41%, 53%]",42.17,7.77,17.99,"[42.17, 7.77, 17.99]",https://www.agtwood.com/products/panel/panel/trendy-panel/hg-milano-walnut,https://www.agtwood.com/medium/Product/Image/aac9544d-438f-48d2-a748-96b39a3cca66,Textured Laminates,HG (High Gloss),SL (Slab),V3 (Cathedral Grain),T1 (Smooth),Textured Laminate,D65,10,M1,2026-08-20T21:23:23.736Z,Nix Spectro L,7.00993069e-2,7.50114679e-2,7.24168740e-2,6.99581556e-2,6.75771274e-2,6.60696737e-2,6.56863190e-2,6.65680140e-2,6.97743297e-2,7.63967946e-2,8.61913651e-2,9.59677845e-2,1.03361894e-1,1.08484828e-1,1.11864828e-1,1.15002735e-1,1.20618051e-1,1.29343936e-1,1.40511264e-1,1.55608815e-1,1.66291425e-1,1.70030978e-1,1.70413840e-1,1.70180291e-1,1.70190191e-1,1.71770406e-1,1.73168930e-1,1.74554691e-1,1.75519931e-1,1.76408824e-1,1.76854429e-1,"[0.0700993069,0.0750114679,0.072416874,0.0699581556,0.0675771274,0.0660696737,0.065686319,0.066568014,0.0697743297,0.0763967946,0.0861913651,0.0959677845,0.103361894,0.108484828,0.111864828,0.115002735,0.120618051,0.129343936,0.140511264,0.155608815,0.166291425,0.170030978,0.17041384,0.170180291,0.170190191,0.171770406,0.17316893,0.174554691,0.175519931,0.176408824,0.176854429]"
DB,agt,603 Metallic Elm HG,#3e3732,0.3430532272732098,0.012406186271859217,60.926506927909486,62,55,50,"[62, 55, 50]",0%,11%,19%,76%,"[0%, 11%, 19%, 76%]",23.77,2.11,4.22,"[23.77, 2.11, 4.22]",https://www.agtwood.com/products/panel/panel/trendy-panel/hg-metallic-anthracite,https://www.agtwood.com/medium/Product/Image/9544be5a-92af-4579-ac33-df2b3ff50778,Textured Laminates,HG (High Gloss),SL (Slab),V5 (Abstract/Stipple),T1 (Smooth),Textured Laminate,D65,10,M1,2026-08-20T21:24:09.152Z,Nix Spectro L,3.00422017e-2,3.30024768e-2,3.34287960e-2,3.33261829e-2,3.30924049e-2,3.28412265e-2,3.26992799e-2,3.27885825e-2,3.34520716e-2,3.49427894e-2,3.69830579e-2,3.83284811e-2,3.87555271e-2,3.87004394e-2,3.83707952e-2,3.78888372e-2,3.80128089e-2,3.92616600e-2,4.13556293e-2,4.41010803e-2,4.58206251e-2,4.62399274e-2,4.62726794e-2,4.64003146e-2,4.67692845e-2,4.77361165e-2,4.87342529e-2,4.95848075e-2,5.00707716e-2,5.04633583e-2,5.05774587e-2,"[0.0300422017,0.0330024768,0.033428796,0.0333261829,0.0330924049,0.0328412265,0.0326992799,0.0327885825,0.0334520716,0.0349427894,0.0369830579,0.0383284811,0.0387555271,0.0387004394,0.0383707952,0.0378888372,0.0380128089,0.03926166,0.0413556293,0.0441010803,0.0458206251,0.0462399274,0.0462726794,0.0464003146,0.0467692845,0.0477361165,0.0487342529,0.0495848075,0.0500707716,0.0504633583,0.0505774587]"
DB,agt,300 Metallic Inox,#52514e,0.4340777174912461,0.004339284508816572,86.53951519244015,82,81,78,"[82, 81, 78]",0%,1%,5%,68%,"[0%, 1%, 5%, 68%]",34.37,0.08,1.66,"[34.37, 0.08, 1.66]",https://www.agtwood.com/products/panel/panel/trendy-panel/orbit-inox,https://www.agtwood.com/medium/Product/Image/cfb06e2e-975f-47c4-9db5-0f9b2c7b0429,Textured Laminates,MT (Matte),SL (Slab),V5 (Abstract/Stipple),,Textured Laminate,D65,10,M1,2026-08-20T21:25:14.762Z,Nix Spectro L,6.40739931e-2,7.15199515e-2,7.47466609e-2,7.61609994e-2,7.68971324e-2,7.74662912e-2,7.77723432e-2,7.79825479e-2,7.85830989e-2,7.94395402e-2,8.04667935e-2,8.09434399e-2,8.11149225e-2,8.10863897e-2,8.10502842e-2,8.09602454e-2,8.13866884e-2,8.24562609e-2,8.33176389e-2,8.36705774e-2,8.34820017e-2,8.33190337e-2,8.34420159e-2,8.34758848e-2,8.34511086e-2,8.38253900e-2,8.38506237e-2,8.37626591e-2,8.35185543e-2,8.33085522e-2,8.30333233e-2,"[0.0640739931,0.0715199515,0.0747466609,0.0761609994,0.0768971324,0.0774662912,0.0777723432,0.0779825479,0.0785830989,0.0794395402,0.0804667935,0.0809434399,0.0811149225,0.0810863897,0.0810502842,0.0809602454,0.0813866884,0.0824562609,0.0833176389,0.0836705774,0.0834820017,0.0833190337,0.0834420159,0.0834758848,0.0834511086,0.08382539,0.0838506237,0.0837626591,0.0835185543,0.0833085522,0.0830333233]"
DB,agt,394 Picasso Inox,#59544e,0.4502451948025382,0.011768610350372402,72.49699636460406,89,84,78,"[89, 84, 78]",0%,6%,12%,65%,"[0%, 6%, 12%, 65%]",36.24,1.24,4.34,"[36.24, 1.24, 4.34]",https://www.agtwood.com/products/panel/panel/trendy-panel/picasso-inoks,https://www.agtwood.com/medium/Product/Image/022ab480-2f65-46d6-8cff-9ea19be761a4,Textured Laminates,MT (Matte),SL (Slab),V5 (Abstract/Stipple),,Textured Laminate,D65,10,M1,2026-08-20T21:26:03.812Z,Nix Spectro L,9.26549606e-2,9.33328848e-2,8.73296343e-2,8.28375250e-2,7.88900703e-2,7.63260469e-2,7.50769414e-2,7.50509560e-2,7.68530607e-2,8.05392683e-2,8.53769034e-2,8.89732525e-2,9.06682506e-2,9.09756362e-2,9.05131772e-2,8.92233685e-2,8.78438070e-2,8.79211143e-2,9.07645270e-2,9.64547545e-2,1.00485516e-1,1.01237814e-1,1.00318827e-1,9.94168237e-2,9.87345323e-2,9.86117810e-2,9.79941785e-2,9.71680969e-2,9.62884411e-2,9.55557466e-2,9.48500782e-2,"[0.0926549606,0.0933328848,0.0873296343,0.082837525,0.0788900703,0.0763260469,0.0750769414,0.075050956,0.0768530607,0.0805392683,0.0853769034,0.0889732525,0.0906682506,0.0909756362,0.0905131772,0.0892233685,0.087843807,0.0879211143,0.090764527,0.0964547545,0.100485516,0.101237814,0.100318827,0.0994168237,0.0987345323,0.098611781,0.0979941785,0.0971680969,0.0962884411,0.0955557466,0.0948500782]"
DB,agt,395 Picasso Gold,#867552,0.569662426592711,0.05387936674067865,85.87706101538316,134,117,82,"[134, 117, 82]",0%,13%,39%,47%,"[0%, 13%, 39%, 47%]",50.23,2.53,21.77,"[50.23, 2.53, 21.77]",https://www.agtwood.com/products/panel/panel/trendy-panel/picasso-gold,https://www.agtwood.com/medium/Product/Image/7cc5535a-1f24-4ef3-afdc-b2a248fdfe93,Textured Laminates,MT (Matte),SL (Slab),V5 (Abstract/Stipple),,Textured Laminate,D65,10,M1,2026-08-20T21:26:55.133Z,Nix Spectro L,4.21869194e-2,5.49361903e-2,6.87958583e-2,7.71587856e-2,8.42796944e-2,9.13858950e-2,9.88980442e-2,1.06871431e-1,1.17719646e-1,1.34689607e-1,1.55412067e-1,1.73203887e-1,1.82613972e-1,1.85366449e-1,1.81984162e-1,1.73485856e-1,1.66445492e-1,1.66573283e-1,1.79159981e-1,2.07846463e-1,2.30490497e-1,2.39214170e-1,2.40009245e-1,2.38778374e-1,2.37130344e-1,2.36828083e-1,2.36079723e-1,2.36278993e-1,2.37003741e-1,2.37626937e-1,2.37920356e-1,"[0.0421869194,0.0549361903,0.0687958583,0.0771587856,0.0842796944,0.091385895,0.0988980442,0.106871431,0.117719646,0.134689607,0.155412067,0.173203887,0.182613972,0.185366449,0.181984162,0.173485856,0.166445492,0.166573283,0.179159981,0.207846463,0.230490497,0.23921417,0.240009245,0.238778374,0.237130344,0.236828083,0.236079723,0.236278993,0.237003741,0.237626937,0.237920356]"
DB,agt,383 Cashmere White Matt,#dfe2e3,0.9114386390324537,0.003478022598687186,211.6115459947937,223,226,227,"[223, 226, 227]",2%,0%,0%,11%,"[2%, 0%, 0%, 11%]",89.75,-0.99,-0.70,"[89.75, -0.99, -0.70]",https://www.agtwood.com/products/panel/panel/trendy-panel/matt-cashmere-white,https://www.agtwood.com/medium/Product/Image/ff4d8019-7e3e-4031-b485-4616ee79f0de,Textured Laminates,SM (Super Matte),SL (Slab),V1 (Solid),T1 (Smooth),Solid Laminate,D65,10,M1,2026-08-20T21:27:42.742Z,Nix Spectro L,6.06050539e-1,6.95111990e-1,7.42985809e-1,7.61008847e-1,7.66102433e-1,7.71152556e-1,7.75350261e-1,7.76062822e-1,7.77184474e-1,7.79177511e-1,7.80522811e-1,7.76121294e-1,7.69774234e-1,7.63592577e-1,7.59584177e-1,7.53863955e-1,7.49617279e-1,7.49850321e-1,7.52105212e-1,7.52255893e-1,7.49987006e-1,7.48393893e-1,7.48732734e-1,7.48548675e-1,7.48734045e-1,7.53675520e-1,7.55863094e-1,7.58350468e-1,7.61728013e-1,7.65366614e-1,7.68579710e-1,"[0.606050539,0.69511199,0.742985809,0.761008847,0.766102433,0.771152556,0.775350261,0.776062822,0.777184474,0.779177511,0.780522811,0.776121294,0.769774234,0.763592577,0.759584177,0.753863955,0.749617279,0.749850321,0.752105212,0.752255893,0.749987006,0.748393893,0.748732734,0.748548675,0.748734045,0.75367552,0.755863094,0.758350468,0.761728013,0.765366614,0.76857971]"
DB,agt,384 Cashmere Gold Matt,#413f41,0.3710777132231239,0.004954495285179939,324.4853363151136,65,63,65,"[65, 63, 65]",0%,3%,0%,75%,"[0%, 3%, 0%, 75%]",26.98,1.38,-1.08,"[26.98, 1.38, -1.08]",https://www.agtwood.com/products/panel/panel/trendy-panel/matt-cashmere-gold,https://www.agtwood.com/medium/Product/Image/ffca5432-14b0-47ae-8028-4227e5fc9243,Textured Laminates,SM (Super Matte),SL (Slab),V1 (Solid),T1 (Smooth),Solid Laminate,D65,10,M1,2026-08-20T21:28:30.522Z,Nix Spectro L,8.60021889e-2,8.20139050e-2,7.00203419e-2,6.21158525e-2,5.56014672e-2,5.09847164e-2,4.82093468e-2,4.71502163e-2,4.78910193e-2,4.95317511e-2,5.08575641e-2,5.05824663e-2,5.00522129e-2,4.95608374e-2,4.96954657e-2,5.02671890e-2,5.06122343e-2,5.10607705e-2,5.20045027e-2,5.30594334e-2,5.35415545e-2,5.29163793e-2,5.16888589e-2,5.08548401e-2,5.04346974e-2,5.03080718e-2,4.97989319e-2,4.91017990e-2,4.85001944e-2,4.80809927e-2,4.77724090e-2,"[0.0860021889,0.082013905,0.0700203419,0.0621158525,0.0556014672,0.0509847164,0.0482093468,0.0471502163,0.0478910193,0.0495317511,0.0508575641,0.0505824663,0.0500522129,0.0495608374,0.0496954657,0.050267189,0.0506122343,0.0510607705,0.0520045027,0.0530594334,0.0535415545,0.0529163793,0.0516888589,0.0508548401,0.0504346974,0.0503080718,0.0497989319,0.049101799,0.0485001944,0.0480809927,0.047772409]"
DB,agt,387 Cashmere Grey Matt,#8c857f,0.6203217408349301,0.012347938914365506,63.12804298080681,140,133,127,"[140, 133, 127]",0%,5%,9%,45%,"[0%, 5%, 9%, 45%]",55.94,1.91,4.25,"[55.94, 1.91, 4.25]",https://www.agtwood.com/products/panel/panel/trendy-panel/matt-cashmere-gray,https://www.agtwood.com/medium/Product/Image/3d05ac28-f9b6-4a23-8701-07f67e2382d2,Textured Laminates,SM (Super Matte),SL (Slab),V1 (Solid),T1 (Smooth),Solid Laminate,D65,10,M1,2026-08-20T21:29:16.494Z,Nix Spectro L,2.16468284e-1,2.28544754e-1,2.23097053e-1,2.17871007e-1,2.12563950e-1,2.10034251e-1,2.10196573e-1,2.12542206e-1,2.18262339e-1,2.26174426e-1,2.31518373e-1,2.31015778e-1,2.29706630e-1,2.28659660e-1,2.29011410e-1,2.30553064e-1,2.34252399e-1,2.40200791e-1,2.46674520e-1,2.53645083e-1,2.57673037e-1,2.57837409e-1,2.56225270e-1,2.54471010e-1,2.52832547e-1,2.52347180e-1,2.50616476e-1,2.48850617e-1,2.47530988e-1,2.46637294e-1,2.46017554e-1,"[0.216468284,0.228544754,0.223097053,0.217871007,0.21256395,0.210034251,0.210196573,0.212542206,0.218262339,0.226174426,0.231518373,0.231015778,0.22970663,0.22865966,0.22901141,0.230553064,0.234252399,0.240200791,0.24667452,0.253645083,0.257673037,0.257837409,0.25622527,0.25447101,0.252832547,0.25234718,0.250616476,0.248850617,0.247530988,0.246637294,0.246017554]"
DB,agt,3075 Tokyo White,#d3d1c9,0.859209674828925,0.011155852672379776,92.19810482888903,211,209,201,"[211, 209, 201]",0%,1%,5%,17%,"[0%, 1%, 5%, 17%]",83.73,-0.15,4.27,"[83.73, -0.15, 4.27]",https://www.agtwood.com/products/panel/panel/trendy-panel/tokyo-white,https://www.agtwood.com/medium/Product/Image/9ea07f93-b013-4366-b734-6434bcd5a5af,Textured Laminates,MT (Matte),SL (Slab),V1 (Solid),,Textured Laminate,D65,10,M1,2026-08-20T21:29:59.841Z,Nix Spectro L,5.01937753e-1,5.59957850e-1,5.81300914e-1,5.86856282e-1,5.85425186e-1,5.86350083e-1,5.89058971e-1,5.91753900e-1,5.97820401e-1,6.07508624e-1,6.18402636e-1,6.24831092e-1,6.28572655e-1,6.30319607e-1,6.31814802e-1,6.32012415e-1,6.34702492e-1,6.40918267e-1,6.46706533e-1,6.50010264e-1,6.49626660e-1,6.47826564e-1,6.46817839e-1,6.45141470e-1,6.43004274e-1,6.44095433e-1,6.42394817e-1,6.40522969e-1,6.39224350e-1,6.38575137e-1,6.38140416e-1,"[0.501937753,0.55995785,0.581300914,0.586856282,0.585425186,0.586350083,0.589058971,0.5917539,0.597820401,0.607508624,0.618402636,0.624831092,0.628572655,0.630319607,0.631814802,0.632012415,0.634702492,0.640918267,0.646706533,0.650010264,0.64962666,0.647826564,0.646817839,0.64514147,0.643004274,0.644095433,0.642394817,0.640522969,0.63922435,0.638575137,0.638140416]"
DB,agt,3074 Tokyo Grey,#8f8985,0.634669364721784,0.009793440188291395,55.84488279588919,143,137,133,"[143, 137, 133]",0%,4%,7%,44%,"[0%, 4%, 7%, 44%]",57.59,1.86,3.12,"[57.59, 1.86, 3.12]",https://www.agtwood.com/products/panel/panel/trendy-panel/tokyo-grey,https://www.agtwood.com/medium/Product/Image/9a93b22a-3af3-433c-b70e-b2d96b9d6c20,Textured Laminates,MT (Matte),SL (Slab),V5 (Abstract/Stipple),,Textured Laminate,D65,10,M1,2026-08-20T21:30:42.182Z,Nix Spectro L,2.78786162e-1,2.84703249e-1,2.66896185e-1,2.53822762e-1,2.41659790e-1,2.33116043e-1,2.27700332e-1,2.25262704e-1,2.26848814e-1,2.31065679e-1,2.36770660e-1,2.40910113e-1,2.44338122e-1,2.46925652e-1,2.50130966e-1,2.53905332e-1,2.57871985e-1,2.62458271e-1,2.66409171e-1,2.68757343e-1,2.69007218e-1,2.67746818e-1,2.66142744e-1,2.64805537e-1,2.63889682e-1,2.64275461e-1,2.63204974e-1,2.61559039e-1,2.59784353e-1,2.58488005e-1,2.57472581e-1,"[0.278786162,0.284703249,0.266896185,0.253822762,0.24165979,0.233116043,0.227700332,0.225262704,0.226848814,0.231065679,0.23677066,0.240910113,0.244338122,0.246925652,0.250130966,0.253905332,0.257871985,0.262458271,0.266409171,0.268757343,0.269007218,0.267746818,0.266142744,0.264805537,0.263889682,0.264275461,0.263204974,0.261559039,0.259784353,0.258488005,0.257472581]"
DB,agt,608 Metallic Anthracite,#4c4c4a,0.4147321685523,0.002330812455298724,107.0392887642609,76,76,74,"[76, 76, 74]",0%,0%,3%,70%,"[0%, 0%, 3%, 70%]",32.13,-0.24,0.85,"[32.13, -0.24, 0.85]",https://www.agtwood.com/products/panel/panel/trendy-panel/hg-metallic-anthracite,https://www.agtwood.com/medium/Product/Image/9544be5a-92af-4579-ac33-df2b3ff50778,Textured Laminates,HG (High Gloss),SL (Slab),V5 (Abstract/Stipple),T1 (Smooth),Textured Laminate,D65,10,M1,2026-08-20T21:31:29.293Z,Nix Spectro L,7.15026557e-2,7.51995027e-2,7.32904509e-2,7.14151517e-2,6.95657015e-2,6.83887526e-2,6.78040475e-2,6.77704737e-2,6.86479568e-2,7.01097786e-2,7.16097280e-2,7.21162632e-2,7.21072614e-2,7.18036026e-2,7.15340301e-2,7.11385742e-2,7.08203584e-2,7.09599182e-2,7.14911640e-2,7.20701918e-2,7.22219944e-2,7.19495133e-2,7.15675473e-2,7.12721109e-2,7.11378336e-2,7.14108169e-2,7.13677704e-2,7.13029981e-2,7.13038713e-2,7.13756934e-2,7.14227751e-2,"[0.0715026557,0.0751995027,0.0732904509,0.0714151517,0.0695657015,0.0683887526,0.0678040475,0.0677704737,0.0686479568,0.0701097786,0.071609728,0.0721162632,0.0721072614,0.0718036026,0.0715340301,0.0711385742,0.0708203584,0.0709599182,0.071491164,0.0720701918,0.0722219944,0.0719495133,0.0715675473,0.0712721109,0.0711378336,0.0714108169,0.0713677704,0.0713029981,0.0713038713,0.0713756934,0.0714227751]"
DB,agt,670 Galaxy White HG,#e5e6e9,0.9254960368819964,0.004662619623469575,266.9499592549107,229,230,233,"[229, 230, 233]",2%,1%,0%,9%,"[2%, 1%, 0%, 9%]",91.34,-0.06,-1.77,"[91.34, -0.06, -1.77]",https://www.agtwood.com/products/panel/panel/trendy-panel/hg-galaxy-white,https://www.agtwood.com/medium/Product/Image/ed44ab6a-e74a-438b-a80e-7ed326d536d5,Textured Laminates,HG (High Gloss),SL (Slab),V5 (Abstract/Stipple),T1 (Smooth),Textured Laminate,D65,10,M1,2026-08-20T21:32:14.095Z,Nix Spectro L,6.31784284e-1,7.32827449e-1,7.95541787e-1,8.20569634e-1,8.24436903e-1,8.25248659e-1,8.25217140e-1,8.20429313e-1,8.14455318e-1,8.08708060e-1,8.05954337e-1,8.02009511e-1,7.97565532e-1,7.93678534e-1,7.92179406e-1,7.88979495e-1,7.86852026e-1,7.88207459e-1,7.90449834e-1,7.88971388e-1,7.85502481e-1,7.84165823e-1,7.85539925e-1,7.86467445e-1,7.88220406e-1,7.95744014e-1,8.00740695e-1,8.06299138e-1,8.12962782e-1,8.19626689e-1,8.25417507e-1,"[0.631784284,0.732827449,0.795541787,0.820569634,0.824436903,0.825248659,0.82521714,0.820429313,0.814455318,0.80870806,0.805954337,0.802009511,0.797565532,0.793678534,0.792179406,0.788979495,0.786852026,0.788207459,0.790449834,0.788971388,0.785502481,0.784165823,0.785539925,0.786467445,0.788220406,0.795744014,0.800740695,0.806299138,0.812962782,0.819626689,0.825417507]"
DB,agt,675 Line Pearl HG,#c2baac,0.7908760019755489,0.020584703333247426,81.33397583605034,194,186,172,"[194, 186, 172]",0%,4%,11%,24%,"[0%, 4%, 11%, 24%]",75.80,1.13,7.86,"[75.80, 1.13, 7.86]",https://www.agtwood.com/products/panel/panel/trendy-panel/linea-brown,https://www.agtwood.com/medium/Product/Image/70ff1594-e8de-474a-a73b-3d28b8ed27e3,Textured Laminates,HG (High Gloss),SL (Slab),V5 (Abstract/Stipple),T1 (Smooth),Textured Laminate,D65,10,M1,2026-08-20T21:33:02.164Z,Nix Spectro L,3.43959451e-1,3.88568282e-1,4.07662421e-1,4.14702821e-1,4.16637862e-1,4.20027047e-1,4.25002038e-1,4.30571735e-1,4.39885402e-1,4.54075682e-1,4.69132251e-1,4.78626806e-1,4.83730197e-1,4.85849953e-1,4.86387092e-1,4.85393298e-1,4.87968540e-1,4.95820546e-1,5.05690837e-1,5.17412710e-1,5.24862933e-1,5.28304899e-1,5.30551684e-1,5.31157672e-1,5.31413364e-1,5.34982300e-1,5.36846054e-1,5.38953710e-1,5.41121733e-1,5.43386805e-1,5.45182490e-1,"[0.343959451,0.388568282,0.407662421,0.414702821,0.416637862,0.420027047,0.425002038,0.430571735,0.439885402,0.454075682,0.469132251,0.478626806,0.483730197,0.485849953,0.486387092,0.485393298,0.48796854,0.495820546,0.505690837,0.51741271,0.524862933,0.528304899,0.530551684,0.531157672,0.531413364,0.5349823,0.536846054,0.53895371,0.541121733,0.543386805,0.54518249]"
DB,agt,6004 Porte Pearl White HG,#cccbca,0.8428091002699134,0.0015325150663155524,95.9264338117215,204,203,202,"[204, 203, 202]",0%,0%,1%,20%,"[0%, 0%, 1%, 20%]",81.78,-0.06,0.58,"[81.78, -0.06, 0.58]",https://www.agtwood.com/products/panel/panel/trendy-panel/hg-white,https://www.agtwood.com/medium/Product/Image/c98acace-661c-4201-abbd-b6c874a15c95,Textured Laminates,HG (High Gloss),SL (Slab),V1 (Solid),T1 (Smooth),Solid Laminate,D65,10,M1,2026-08-20T21:33:47.970Z,Nix Spectro L,5.28818965e-1,5.83937758e-1,5.99835694e-1,6.00677156e-1,5.94097757e-1,5.90805960e-1,5.90373087e-1,5.90311444e-1,5.93771148e-1,6.00993967e-1,6.08827233e-1,6.09785879e-1,6.06621647e-1,6.01896060e-1,5.98118436e-1,5.92330790e-1,5.87027419e-1,5.86821890e-1,5.93174505e-1,6.03451025e-1,6.09191585e-1,6.08808327e-1,6.06159019e-1,6.03624094e-1,6.01890707e-1,6.03947234e-1,6.03440237e-1,6.02632642e-1,6.02492428e-1,6.02883685e-1,6.03270423e-1,"[0.528818965,0.583937758,0.599835694,0.600677156,0.594097757,0.59080596,0.590373087,0.590311444,0.593771148,0.600993967,0.608827233,0.609785879,0.606621647,0.60189606,0.598118436,0.59233079,0.587027419,0.58682189,0.593174505,0.603451025,0.609191585,0.608808327,0.606159019,0.603624094,0.601890707,0.603947234,0.603440237,0.602632642,0.602492428,0.602883685,0.603270423]"
DB,agt,6003 Porte Silver HG,#666862,0.5144068498109409,0.009708171436357394,120.89424671731274,102,104,98,"[102, 104, 98]",2%,0%,6%,59%,"[2%, 0%, 6%, 59%]",43.78,-1.69,3.18,"[43.78, -1.69, 3.18]",https://www.agtwood.com/products/panel/panel/trendy-panel/hg-chrome-gray,https://www.agtwood.com/medium/Product/Image/0db773a2-31a0-466c-a93f-d5aa83f54c9c,Textured Laminates,HG (High Gloss),SL (Slab),V1 (Solid),T1 (Smooth),Solid Laminate,D65,10,M1,2026-08-20T21:34:52.257Z,Nix Spectro L,6.79780110e-3,2.32547479e-2,6.95811369e-2,9.70395967e-2,1.17897652e-1,1.32529421e-1,1.40719822e-1,1.43238716e-1,1.41450502e-1,1.37547304e-1,1.35473500e-1,1.36714548e-1,1.37820144e-1,1.38369377e-1,1.37396649e-1,1.34904823e-1,1.34486663e-1,1.36186002e-1,1.37409405e-1,1.38094983e-1,1.37181363e-1,1.36403774e-1,1.36842754e-1,1.36835515e-1,1.35946618e-1,1.35524012e-1,1.35085052e-1,1.35062917e-1,1.34779988e-1,1.34256887e-1,1.33389361e-1,"[0.0067978011,0.0232547479,0.0695811369,0.0970395967,0.117897652,0.132529421,0.140719822,0.143238716,0.141450502,0.137547304,0.1354735,0.136714548,0.137820144,0.138369377,0.137396649,0.134904823,0.134486663,0.136186002,0.137409405,0.138094983,0.137181363,0.136403774,0.136842754,0.136835515,0.135946618,0.135524012,0.135085052,0.135062917,0.134779988,0.134256887,0.133389361]"
DB,agt,8011 Bright White Acrylic,#eee,0.9497525114169003,0.0005391890206834278,109.13036019021052,238,238,238,"[238, 238, 238]",0%,0%,0%,7%,"[0%, 0%, 0%, 7%]",94.18,-0.06,0.19,"[94.18, -0.06, 0.19]",https://www.agtwood.com/products/panel/panel/trendy-panel/hg-white,https://www.agtwood.com/medium/Product/Image/c98acace-661c-4201-abbd-b6c874a15c95,Solid Laminates,HG (High Gloss),SL (Slab),V1 (Solid),T1 (Smooth),Solid Laminate,D65,10,M1,2026-08-20T21:35:48.715Z,Nix Spectro L,6.74766564e-1,7.74490714e-1,8.27703750e-1,8.47688031e-1,8.53666794e-1,8.59595609e-1,8.64293027e-1,8.65036118e-1,8.66098022e-1,8.67531800e-1,8.67822814e-1,8.62544310e-1,8.56864369e-1,8.52347267e-1,8.51027489e-1,8.49304068e-1,8.50598276e-1,8.56259334e-1,8.61291432e-1,8.61630797e-1,8.58961689e-1,8.57572126e-1,8.58620346e-1,8.58779967e-1,8.59220088e-1,8.65097904e-1,8.67902195e-1,8.71259451e-1,8.75758398e-1,8.80556452e-1,8.84871531e-1,"[0.674766564,0.774490714,0.82770375,0.847688031,0.853666794,0.859595609,0.864293027,0.865036118,0.866098022,0.8675318,0.867822814,0.86254431,0.856864369,0.852347267,0.851027489,0.849304068,0.850598276,0.856259334,0.861291432,0.861630797,0.858961689,0.857572126,0.858620346,0.858779967,0.859220088,0.865097904,0.867902195,0.871259451,0.875758398,0.880556452,0.884871531]"
DB,agt,8015 Acrylic White,#e9e8e3,0.9310493610789184,0.007708974488125315,104.57303455645774,233,232,227,"[233, 232, 227]",0%,0%,3%,9%,"[0%, 0%, 3%, 9%]",92.06,-0.67,2.84,"[92.06, -0.67, 2.84]",https://www.agtwood.com/products/panel/panel/trendy-panel/hg-white,https://www.agtwood.com/medium/Product/Image/c98acace-661c-4201-abbd-b6c874a15c95,Solid Laminates,HG (High Gloss),SL (Slab),V1 (Solid),T1 (Smooth),Solid Laminate,D65,10,M1,2026-08-20T21:36:35.886Z,Nix Spectro L,6.15284240e-1,7.01651704e-1,7.45281458e-1,7.61550903e-1,7.66385698e-1,7.72257340e-1,7.78310311e-1,7.82006264e-1,7.87681937e-1,7.96098614e-1,8.04885638e-1,8.08048558e-1,8.08432055e-1,8.07334387e-1,8.06642330e-1,8.04017806e-1,8.04346132e-1,8.09356928e-1,8.14628625e-1,8.17237842e-1,8.16069090e-1,8.14237726e-1,8.13933444e-1,8.12519407e-1,8.10370779e-1,8.12346959e-1,8.10873902e-1,8.09377587e-1,8.08767855e-1,8.08831263e-1,8.09034264e-1,"[0.61528424,0.701651704,0.745281458,0.761550903,0.766385698,0.77225734,0.778310311,0.782006264,0.787681937,0.796098614,0.804885638,0.808048558,0.808432055,0.807334387,0.80664233,0.804017806,0.804346132,0.809356928,0.814628625,0.817237842,0.81606909,0.814237726,0.813933444,0.812519407,0.810370779,0.812346959,0.810873902,0.809377587,0.808767855,0.808831263,0.809034264]"
DB,agt,3064 Croco Cream Premium 3P,#ebe7df,0.9290853840484499,0.011898829088730224,88.85427128329326,235,231,223,"[235, 231, 223]",0%,2%,5%,8%,"[0%, 2%, 5%, 8%]",91.83,0.08,4.56,"[91.83, 0.08, 4.56]",https://www.agtwood.com/products/panel/panel/3p-panel/croco-cream,https://www.agtwood.com/medium/Product/Image/eaa4aa0a-9ab4-4e6e-92b8-42e8b780695b,Textured Laminates,MT (Matte),SL (Slab),V5 (Abstract/Stipple),,Textured Laminate,D65,10,M1,2026-08-20T21:38:13.483Z,Nix Spectro L,5.90858471e-1,6.76614726e-1,7.20248592e-1,7.36326015e-1,7.40871167e-1,7.45991421e-1,7.50844598e-1,7.53155208e-1,7.57518208e-1,7.66061389e-1,7.79256451e-1,7.90363586e-1,7.96921849e-1,7.99730086e-1,8.00646222e-1,7.98044133e-1,7.97881973e-1,8.03189290e-1,8.11149931e-1,8.19447958e-1,8.22914076e-1,8.23339927e-1,8.23989403e-1,8.23319507e-1,8.22363818e-1,8.26332438e-1,8.27370274e-1,8.28682971e-1,8.30641866e-1,8.32965565e-1,8.34913957e-1,"[0.590858471,0.676614726,0.720248592,0.736326015,0.740871167,0.745991421,0.750844598,0.753155208,0.757518208,0.766061389,0.779256451,0.790363586,0.796921849,0.799730086,0.800646222,0.798044133,0.797881973,0.80318929,0.811149931,0.819447958,0.822914076,0.823339927,0.823989403,0.823319507,0.822363818,0.826332438,0.827370274,0.828682971,0.830641866,0.832965565,0.834913957]"
DB,agt,3062 Croco Blue Premium 3P,#c4c3bf,0.8177641707517386,0.005863079992224978,93.81438251794185,196,195,191,"[196, 195, 191]",0%,1%,3%,23%,"[0%, 1%, 3%, 23%]",78.90,-0.14,2.23,"[78.90, -0.14, 2.23]",https://www.agtwood.com/products/panel/panel/3p-panel/croco-blue,https://www.agtwood.com/medium/Product/Image/3b904524-7d3f-45f9-bb6e-18886fb4df1d,Textured Laminates,MT (Matte),SL (Slab),V5 (Abstract/Stipple),,Textured Laminate,D65,10,M1,2026-08-20T21:38:58.653Z,Nix Spectro L,4.40462309e-1,4.95595902e-1,5.18502963e-1,5.25191414e-1,5.24691498e-1,5.25363863e-1,5.26722169e-1,5.27272701e-1,5.29960048e-1,5.35411716e-1,5.42317307e-1,5.45445645e-1,5.46074867e-1,5.45492578e-1,5.45334840e-1,5.44098508e-1,5.44857776e-1,5.49166727e-1,5.53181422e-1,5.53857672e-1,5.52062941e-1,5.51164103e-1,5.52431643e-1,5.53230345e-1,5.54157686e-1,5.58839560e-1,5.61569118e-1,5.63760781e-1,5.65481293e-1,5.67343163e-1,5.68684137e-1,"[0.440462309,0.495595902,0.518502963,0.525191414,0.524691498,0.525363863,0.526722169,0.527272701,0.529960048,0.535411716,0.542317307,0.545445645,0.546074867,0.545492578,0.54533484,0.544098508,0.544857776,0.549166727,0.553181422,0.553857672,0.552062941,0.551164103,0.552431643,0.553230345,0.554157686,0.55883956,0.561569118,0.563760781,0.565481293,0.567343163,0.568684137]"
DB,agt,3063 Croco Grey Premium 3P,#aea49a,0.7243977100572357,0.017823917187180273,66.7004450243519,174,164,154,"[174, 164, 154]",0%,6%,11%,32%,"[0%, 6%, 11%, 32%]",68.02,2.44,6.33,"[68.02, 2.44, 6.33]",https://www.agtwood.com/products/panel/panel/3p-panel/croco-grey,https://www.agtwood.com/medium/Product/Image/904f30ba-99f9-4e80-8b2f-add300c9c7ce,Textured Laminates,MT (Matte),SL (Slab),V5 (Abstract/Stipple),,Textured Laminate,D65,10,M1,2026-08-20T21:40:00.660Z,Nix Spectro L,2.91468787e-1,3.24317902e-1,3.33946705e-1,3.34903240e-1,3.31864572e-1,3.30173624e-1,3.29601800e-1,3.29357857e-1,3.31890661e-1,3.38946992e-1,3.50898623e-1,3.61794668e-1,3.68254745e-1,3.71291983e-1,3.72346240e-1,3.71290284e-1,3.71827471e-1,3.77044779e-1,3.86811996e-1,4.00585485e-1,4.09790635e-1,4.13256586e-1,4.14648366e-1,4.15160155e-1,4.15917289e-1,4.19843876e-1,4.22456735e-1,4.24407011e-1,4.25477755e-1,4.26548350e-1,4.27000070e-1,"[0.291468787,0.324317902,0.333946705,0.33490324,0.331864572,0.330173624,0.3296018,0.329357857,0.331890661,0.338946992,0.350898623,0.361794668,0.368254745,0.371291983,0.37234624,0.371290284,0.371827471,0.377044779,0.386811996,0.400585485,0.409790635,0.413256586,0.414648366,0.415160155,0.415917289,0.419843876,0.422456735,0.424407011,0.425477755,0.42654835,0.42700007]"
DB,agt,3061 Timber Light Premium 3P,#cac4ba,0.8234771961515397,0.01598474761634483,82.35286299224208,202,196,186,"[202, 196, 186]",0%,3%,8%,21%,"[0%, 3%, 8%, 21%]",79.58,0.75,6.10,"[79.58, 0.75, 6.10]",https://www.agtwood.com/products/panel/panel/3p-panel/timber-light,https://www.agtwood.com/medium/Product/Image/06e9b396-1bff-4843-8f99-d81467c362d4,Textured Laminates,MT (Matte),SL (Slab),V1 (Solid),,Textured Laminate,D65,10,M1,2026-08-20T21:40:48.760Z,Nix Spectro L,3.94543165e-1,4.50684345e-1,4.78433055e-1,4.89142406e-1,4.92849356e-1,4.97291511e-1,5.02291524e-1,5.06486785e-1,5.12966061e-1,5.22423971e-1,5.32453966e-1,5.38754928e-1,5.43366027e-1,5.46654284e-1,5.49688363e-1,5.52425230e-1,5.59355640e-1,5.69636440e-1,5.76706278e-1,5.79328263e-1,5.79148936e-1,5.79896963e-1,5.82628822e-1,5.83727074e-1,5.83934605e-1,5.87419784e-1,5.88746262e-1,5.90014279e-1,5.91326022e-1,5.92894948e-1,5.94179940e-1,"[0.394543165,0.450684345,0.478433055,0.489142406,0.492849356,0.497291511,0.502291524,0.506486785,0.512966061,0.522423971,0.532453966,0.538754928,0.543366027,0.546654284,0.549688363,0.55242523,0.55935564,0.56963644,0.576706278,0.579328263,0.579148936,0.579896963,0.582628822,0.583727074,0.583934605,0.587419784,0.588746262,0.590014279,0.591326022,0.592894948,0.59417994]"
DB,agt,3071 Timber Grey Premium 3P,#78726c,0.5564219724126539,0.012408773661548998,67.95520077750439,120,114,108,"[120, 114, 108]",0%,5%,10%,53%,"[0%, 5%, 10%, 53%]",48.54,1.61,4.44,"[48.54, 1.61, 4.44]",https://www.agtwood.com/products/panel/panel/3p-panel/timber-grey,https://www.agtwood.com/medium/Product/Image/bd0d3619-8348-49c8-8650-a552e55185be,Textured Laminates,MT (Matte),SL (Slab),V1 (Solid),,Textured Laminate,D65,10,M1,2026-08-20T21:41:31.600Z,Nix Spectro L,1.22677730e-1,1.38827473e-1,1.45784447e-1,1.48473686e-1,1.49602830e-1,1.51063970e-1,1.52842224e-1,1.54811323e-1,1.57977515e-1,1.62183601e-1,1.65746149e-1,1.67064282e-1,1.67547014e-1,1.67615694e-1,1.67658305e-1,1.67616886e-1,1.68844551e-1,1.71441802e-1,1.73834199e-1,1.76340452e-1,1.79235497e-1,1.83656839e-1,1.88612750e-1,1.91773641e-1,1.94537631e-1,1.98640096e-1,2.02055323e-1,2.05612385e-1,2.09038404e-1,2.12269297e-1,2.15028590e-1,"[0.12267773,0.138827473,0.145784447,0.148473686,0.14960283,0.15106397,0.152842224,0.154811323,0.157977515,0.162183601,0.165746149,0.167064282,0.167547014,0.167615694,0.167658305,0.167616886,0.168844551,0.171441802,0.173834199,0.176340452,0.179235497,0.183656839,0.18861275,0.191773641,0.194537631,0.198640096,0.202055323,0.205612385,0.209038404,0.212269297,0.21502859]"
DB,agt,3056 Slate Cream Premium 3P,#c6bfb5,0.8068070363668467,0.015022952942837462,75.50993836454222,198,191,181,"[198, 191, 181]",0%,4%,9%,22%,"[0%, 4%, 9%, 22%]",77.62,1.30,5.60,"[77.62, 1.30, 5.60]",https://www.agtwood.com/products/panel/panel/3p-panel/slate-cream,https://www.agtwood.com/medium/Product/Image/38d36907-d633-46c7-b593-1768abb0b6b1,Textured Laminates,MT (Matte),SL (Slab),V1 (Solid),,Textured Laminate,D65,10,M1,2026-08-20T21:42:17.585Z,Nix Spectro L,3.91281462e-1,4.40862578e-1,4.61738342e-1,4.68275636e-1,4.68693995e-1,4.70540243e-1,4.73447520e-1,4.76037675e-1,4.81164640e-1,4.89263940e-1,4.98643750e-1,5.04966366e-1,5.09534168e-1,5.12631130e-1,5.15516496e-1,5.17933071e-1,5.23589373e-1,5.32554865e-1,5.40691650e-1,5.47197723e-1,5.50145245e-1,5.51146102e-1,5.52175498e-1,5.51967728e-1,5.51336205e-1,5.53805661e-1,5.54164088e-1,5.54664981e-1,5.55640018e-1,5.56960881e-1,5.58158600e-1,"[0.391281462,0.440862578,0.461738342,0.468275636,0.468693995,0.470540243,0.47344752,0.476037675,0.48116464,0.48926394,0.49864375,0.504966366,0.509534168,0.51263113,0.515516496,0.517933071,0.523589373,0.532554865,0.54069165,0.547197723,0.550145245,0.551146102,0.552175498,0.551967728,0.551336205,0.553805661,0.554164088,0.554664981,0.555640018,0.556960881,0.5581586]"
DB,agt,3057 Slate Grey Premium 3P,#837e79,0.595302806648642,0.009725830357609723,59.68037057477653,131,126,121,"[131, 126, 121]",0%,4%,8%,49%,"[0%, 4%, 8%, 49%]",53.04,1.67,3.24,"[53.04, 1.67, 3.24]",https://www.agtwood.com/products/panel/panel/3p-panel/slate-gray,https://www.agtwood.com/medium/Product/Image/b0233594-714b-48c3-9508-7e3b403068d7,Textured Laminates,MT (Matte),SL (Slab),V5 (Abstract/Stipple),,Textured Laminate,D65,10,M1,2026-08-20T21:42:58.182Z,Nix Spectro L,1.67918548e-1,1.87249944e-1,1.93791217e-1,1.95112714e-1,1.94119331e-1,1.93636107e-1,1.93539113e-1,1.93478987e-1,1.94661856e-1,1.97395125e-1,2.01291174e-1,2.03821722e-1,2.05075088e-1,2.05592635e-1,2.06072280e-1,2.06289476e-1,2.07745168e-1,2.11142755e-1,2.15010265e-1,2.18695581e-1,2.20986506e-1,2.22719201e-1,2.24663365e-1,2.25935155e-1,2.27218989e-1,2.30204538e-1,2.32414025e-1,2.34222573e-1,2.35484222e-1,2.36697036e-1,2.37505385e-1,"[0.167918548,0.187249944,0.193791217,0.195112714,0.194119331,0.193636107,0.193539113,0.193478987,0.194661856,0.197395125,0.201291174,0.203821722,0.205075088,0.205592635,0.20607228,0.206289476,0.207745168,0.211142755,0.215010265,0.218695581,0.220986506,0.222719201,0.224663365,0.225935155,0.227218989,0.230204538,0.232414025,0.234222573,0.235484222,0.236697036,0.237505385]"
DB,agt,3069 Slate Beige Premium 3P,#aca298,0.7189175837850016,0.019299557296645058,70.74879491696453,172,162,152,"[172, 162, 152]",0%,6%,12%,33%,"[0%, 6%, 12%, 33%]",67.40,2.23,7.05,"[67.40, 2.23, 7.05]",https://www.agtwood.com/products/panel/panel/3p-panel/slate-beige,https://www.agtwood.com/medium/Product/Image/4fd20b03-29c5-4748-a12d-ca9f459973e9,Textured Laminates,MT (Matte),SL (Slab),V5 (Abstract/Stipple),,Textured Laminate,D65,10,M1,2026-08-20T21:43:47.348Z,Nix Spectro L,2.67948681e-1,3.00785714e-1,3.12913626e-1,3.16343415e-1,3.16038650e-1,3.16797853e-1,3.18606669e-1,3.20808160e-1,3.25604564e-1,3.33725333e-1,3.43337560e-1,3.50162053e-1,3.54802942e-1,3.57878935e-1,3.60416716e-1,3.62803179e-1,3.68452245e-1,3.77523851e-1,3.85996115e-1,3.93361038e-1,3.97549272e-1,4.00001389e-1,4.02534264e-1,4.03884345e-1,4.05063879e-1,4.09090602e-1,4.11897910e-1,4.14479840e-1,4.16552544e-1,4.18620229e-1,4.20129836e-1,"[0.267948681,0.300785714,0.312913626,0.316343415,0.31603865,0.316797853,0.318606669,0.32080816,0.325604564,0.333725333,0.34333756,0.350162053,0.354802942,0.357878935,0.360416716,0.362803179,0.368452245,0.377523851,0.385996115,0.393361038,0.397549272,0.400001389,0.402534264,0.403884345,0.405063879,0.409090602,0.41189791,0.41447984,0.416552544,0.418620229,0.420129836]"
DB,agt,3058 Slate Coffee Premium 3P,#67615c,0.4967940323684464,0.010487420430784624,63.32881893444062,103,97,92,"[103, 97, 92]",0%,6%,11%,60%,"[0%, 6%, 11%, 60%]",41.62,1.61,3.62,"[41.62, 1.61, 3.62]",https://www.agtwood.com/products/panel/panel/3p-panel/slate-coffee,https://www.agtwood.com/medium/Product/Image/d386ec98-0673-48df-85f2-67490e2fd4a5,Textured Laminates,MT (Matte),SL (Slab),V5 (Abstract/Stipple),,Textured Laminate,D65,10,M1,2026-08-20T21:44:42.828Z,Nix Spectro L,8.53367999e-2,9.79845181e-2,1.04283737e-1,1.06898786e-1,1.08159046e-1,1.09285580e-1,1.10312998e-1,1.11252548e-1,1.12871462e-1,1.15304285e-1,1.17724192e-1,1.18736899e-1,1.18989865e-1,1.18940924e-1,1.18877485e-1,1.18796413e-1,1.19879106e-1,1.22274563e-1,1.24420109e-1,1.26145478e-1,1.27761132e-1,1.30383793e-1,1.33675134e-1,1.35976475e-1,1.38156301e-1,1.41528994e-1,1.44570202e-1,1.47512680e-1,1.49994421e-1,1.52259579e-1,1.54019460e-1,"[0.0853367999,0.0979845181,0.104283737,0.106898786,0.108159046,0.10928558,0.110312998,0.111252548,0.112871462,0.115304285,0.117724192,0.118736899,0.118989865,0.118940924,0.118877485,0.118796413,0.119879106,0.122274563,0.124420109,0.126145478,0.127761132,0.130383793,0.133675134,0.135976475,0.138156301,0.141528994,0.144570202,0.14751268,0.149994421,0.152259579,0.15401946]"
DB,agt,3059 Textile Light Premium 3P,#d8d4cc,0.8701011137444469,0.011255943625442542,80.75564555241363,216,212,204,"[216, 212, 204]",0%,2%,6%,15%,"[0%, 2%, 6%, 15%]",84.97,0.61,4.26,"[84.97, 0.61, 4.26]",https://www.agtwood.com/products/panel/panel/3p-panel/textile-light,https://www.agtwood.com/medium/Product/Image/8259670d-268c-4888-a311-62c36fdb7287,Textured Laminates,MT (Matte),SL (Slab),V5 (Abstract/Stipple),,Textured Laminate,D65,10,M1,2026-08-20T21:45:26.974Z,Nix Spectro L,4.74762982e-1,5.46964657e-1,5.85599887e-1,6.01123607e-1,6.06876290e-1,6.12406349e-1,6.17540956e-1,6.20700443e-1,6.25744116e-1,6.34399498e-1,6.44192398e-1,6.48630810e-1,6.49796951e-1,6.49621344e-1,6.49750769e-1,6.49069202e-1,6.53073525e-1,6.63000321e-1,6.72295511e-1,6.78045619e-1,6.78966010e-1,6.78743863e-1,6.80431592e-1,6.81246495e-1,6.81764770e-1,6.86876929e-1,6.89818394e-1,6.91972852e-1,6.93108559e-1,6.94343460e-1,6.94833314e-1,"[0.474762982,0.546964657,0.585599887,0.601123607,0.60687629,0.612406349,0.617540956,0.620700443,0.625744116,0.634399498,0.644192398,0.64863081,0.649796951,0.649621344,0.649750769,0.649069202,0.653073525,0.663000321,0.672295511,0.678045619,0.67896601,0.678743863,0.680431592,0.681246495,0.68176477,0.686876929,0.689818394,0.691972852,0.693108559,0.69434346,0.694833314]"
DB,agt,3060 Textile Vision Premium 3P,#bbb3a9,0.7716230602625339,0.016727271851829043,74.8465095746638,187,179,169,"[187, 179, 169]",0%,4%,10%,27%,"[0%, 4%, 10%, 27%]",73.53,1.52,6.23,"[73.53, 1.52, 6.23]",https://www.agtwood.com/products/panel/panel/3p-panel/textile-vison,https://www.agtwood.com/medium/Product/Image/96520e57-acbd-4984-9ad4-bbe3cdb64179,Textured Laminates,MT (Matte),SL (Slab),V5 (Abstract/Stipple),,Textured Laminate,D65,10,M1,2026-08-20T21:46:24.700Z,Nix Spectro L,3.35868919e-1,3.79356408e-1,3.97529864e-1,4.03019005e-1,4.03024435e-1,4.04093492e-1,4.06031775e-1,4.07731277e-1,4.12031168e-1,4.20553041e-1,4.32636249e-1,4.42524254e-1,4.48410380e-1,4.51245862e-1,4.52385306e-1,4.51595151e-1,4.53196508e-1,4.59423834e-1,4.68482691e-1,4.79612380e-1,4.86486804e-1,4.89130831e-1,4.90659809e-1,4.91055357e-1,4.91351402e-1,4.94966394e-1,4.96955037e-1,4.98628253e-1,4.99905950e-1,5.01275992e-1,5.02139145e-1,"[0.335868919,0.379356408,0.397529864,0.403019005,0.403024435,0.404093492,0.406031775,0.407731277,0.412031168,0.420553041,0.432636249,0.442524254,0.44841038,0.451245862,0.452385306,0.451595151,0.453196508,0.459423834,0.468482691,0.47961238,0.486486804,0.489130831,0.490659809,0.491055357,0.491351402,0.494966394,0.496955037,0.498628253,0.49990595,0.501275992,0.502139145]"
DB,agt,3051 Carreta Green Premium 3P,#767865,0.5657537995840651,0.028745556918779117,113.39759640534476,118,120,101,"[118, 120, 101]",2%,0%,16%,53%,"[2%, 0%, 16%, 53%]",49.89,-3.69,10.24,"[49.89, -3.69, 10.24]",https://www.agtwood.com/products/panel/panel/3p-panel/caretta-green,https://www.agtwood.com/medium/Product/Image/62422382-9658-4640-8969-2ecce4af3645,Solid Laminates,MT (Matte),SL (Slab),V1 (Solid),,Textured Laminate,D65,10,M1,2026-08-20T21:48:01.837Z,Nix Spectro L,9.25868198e-2,1.09101516e-1,1.19347391e-1,1.25323713e-1,1.29978430e-1,1.34331506e-1,1.38784999e-1,1.43564573e-1,1.50124389e-1,1.59481204e-1,1.69262636e-1,1.76584488e-1,1.81486836e-1,1.84410769e-1,1.85529181e-1,1.85975277e-1,1.89186054e-1,1.94366580e-1,1.95962012e-1,1.91855687e-1,1.84881148e-1,1.77996299e-1,1.73367828e-1,1.70625401e-1,1.68499738e-1,1.67871395e-1,1.67730337e-1,1.68225694e-1,1.68656057e-1,1.69053254e-1,1.69043827e-1,"[0.0925868198,0.109101516,0.119347391,0.125323713,0.12997843,0.134331506,0.138784999,0.143564573,0.150124389,0.159481204,0.169262636,0.176584488,0.181486836,0.184410769,0.185529181,0.185975277,0.189186054,0.19436658,0.195962012,0.191855687,0.184881148,0.177996299,0.173367828,0.170625401,0.168499738,0.167871395,0.167730337,0.168225694,0.168656057,0.169053254,0.169043827]"